-7.41367283928084
-8.13682420795178
-8.247372605215
-7.77805407340092
-6.76930202915209
-5.38141067631979
-3.72339812934303
-1.93255423354009
-0.202806280524795
1.33326134005868
2.57171123551129
3.3579108547513
3.6849003839513
3.5288443386942
2.89944541303313
1.88380405231094
0.612006713256356
-0.853829054486358
-2.32440626004421
-3.68287693019295
-4.83756682700467
-5.6551724075384
-6.06813490251055
-6.0663879868015
-5.59045902808234
-4.68869230222656
-3.41461808740827
-1.8295832719735
-0.0354071522403148
1.82624138479369
3.66485852834168
5.33310394135196
6.70783524021092
7.71209308977617
8.26971417610619
8.30683571561617
7.8789733675608
6.96297106395354
5.6382005370185
3.99809649113894
2.14099955449122
0.162175090274797
-1.78599062724176
-3.63393279593577
-5.26781001408461
-6.60971033589934
-7.60091233934854
-8.22155539682849
-8.42706236034816
-8.24322753218796
-7.70065307327576
-6.8125957142303
-5.67483526981302
-4.33305871164828
-2.87796934804695
-1.38704265920209
0.0284197682801198
1.32902440656673
2.39448262784554
3.1984139353814
3.68500672753094
3.84703163253931
3.66819084379697
3.22174168954545
2.51116881893628
1.64947953137144
0.714423401566955
-0.211965401039612
-1.01776702044557
-1.61555701471496
-1.94728169063378
-1.94128622627052
-1.58574091529497
-0.878365025223888
0.132016925608869
1.39780951148832
2.78586063747491
4.20393145612151
5.48848213761311
6.51317855490915
7.12574552269619
7.24691824169558
6.76573479374451
5.71125895322462
4.0749219242019
1.97981637247809
-0.451642521208125
-3.03351270777308
-5.57479732654985
-7.88105459313716
-9.76547865200428
-11.0932656247487
-11.7590915124873
-11.7220606559611
-10.9841291788762
-9.63191463067439
-7.75702753715146
-5.53991029720268
-3.14883684281369
-0.782370804842136
1.39507378901208
3.20302463286706
4.57471494507951
5.42218998457969
5.75889549187258
5.63968079357063
5.14550165215302
4.39421950601231
3.53136206301096
2.65620730479781
1.90457707249776
1.34474554759356
1.04114054683139
0.996885335239945
1.2106887446156
1.6227151360223
2.15719816858107
2.73106109073947
3.24124196822659
3.57795829329505
3.69278830379565
3.49550406419462
2.98066918654976
2.15670331245592
1.0630847893448
-0.231925424102036
-1.61200600910017
-3.00273386832807
-4.27561907802535
-5.34213225062879
-6.13325341318097
-6.60270518626158
-6.70404803229475
-6.48803787022205
-5.95949375902403
-5.18209011758125
-4.25164060326277
-3.22991836433588
-2.20428864612019
-1.26967197133041
-0.472902578124595
0.153780547794894
0.556052702507832
0.769138057340171
0.810268767633136
0.702776911760901
0.518354019626229
0.322600119199825
0.134067229591532
0.0480696010776169
0.0868486045046544
0.248310157547864
0.58291356392466
1.04587070329711
1.60691981695339
2.23145906955289
2.86237806124964
3.4076117905191
3.84055798478129
4.08379000238206
4.07698161726289
3.82691123684632
3.30649686310588
2.51874280332111
1.53853353008189
0.40032891248466
-0.840779330215506
-2.05623028334086
-3.21392687897541
-4.2279786922581
-5.0179823170936
-5.55991645714201
-5.84498532438137
-5.82531083400273
-5.56829446386336
-5.09623483025317
-4.43663361488867
-3.68368128353787
-2.89039134528446
-2.07536750772912
-1.3397616291937
-0.67751773528181
-0.0939952393137892
0.381413745267389
0.780095840328456
1.14759617313123
1.46280255265646
1.781774855989
2.12089288880322
2.4568653152501
2.78568568182585
3.12082570802748
3.35648914767515
3.50905350279448
3.53254169728848
3.35710099470835
3.00091025998052
2.46512126915784
1.72308022298579
0.873976410511485
-0.0507256173608588
-0.99025912988843
-1.84401250295491
-2.53212713377316
-3.03989231298943
-3.27144540136906
-3.24520365423978
-2.99391752430796
-2.54198374879339
-1.97764372473027
-1.43375196765003
-0.967195079669465
-0.708514851038888
-0.751448626214271
-1.09013596821162
-1.76358303485835
-2.70972742839181
-3.82109788762144
-4.96327733802642
-6.03293367715931
-6.79865594223232
-7.18462932540619
-7.05941843719966
-6.32970231205435
-4.99215818067222
-3.09394129571305
-0.66620573452395
2.0871083428582
5.00850841950873
7.89603417075365
10.4730140577211
12.5226277514334
13.8772917544927
14.3370927698572
13.8590398861676
12.4635441238495
10.2155368366892
7.28950758484956
3.95939967022613
0.409665797078682
-3.01702296831682
-6.0911935441089
-8.59685511268409
-10.3585099658842
-11.2448825444216
-11.2661041208763
-10.4049556043818
-8.7842997347179
-6.57174023484389
-3.97275887461044
-1.23014628976095
1.36006789487661
3.56762514674283
5.18440198099226
6.01673073122167
6.03990627636679
5.24584839530352
3.72912587399486
1.67300535469835
-0.696852955578747
-3.17206899770367
-5.47368611972008
-7.39869815303034
-8.78265965829883
-9.4755949090778
-9.40536542744674
-8.589410690551
-7.02353712902327
-4.83630198089839
-2.1711974278537
0.81486385681236
3.9014337414482
6.84821908095438
9.49481489561092
11.5999663196796
13.0414885173628
13.7216776425101
13.5969246767745
12.6772842373619
11.0838698527893
8.90192871646889
6.31023713351416
3.50779566126835
0.651149742981304
-2.07698386306918
-4.50176374027661
-6.5369426579355
-8.0689531495774
-9.05408376025796
-9.48613083484889
-9.38846932840634
-8.80018211838515
-7.82899123655052
-6.55602164581175
-5.09898532168488
-3.5745972009624
-2.09610114832795
-0.736652171431603
0.401842091031043
1.2976215062832
1.91700262546107
2.25280164084027
2.33581369437278
2.18378511641957
1.84674460558864
1.35186048106418
0.762326254754706
0.101556189415574
-0.574268429742002
-1.22728626278911
-1.81170173854887
-2.28921015250086
-2.59783111176565
-2.71240406226104
-2.58100860886701
-2.16901325215607
-1.47008850884028
-0.468558724712311
0.794564463800867
2.28177231480605
3.89412685635411
5.53220598181304
7.04401948458593
8.27877373326582
9.08946659804118
9.31324073341896
8.86382514057837
7.67260818252745
5.75501934761031
3.19506867064006
0.14884311199643
-3.17749379416549
-6.51439112925225
-9.60873364334959
-12.1833033562282
-14.0228988844304
-14.9347803629575
-14.8103674888483
-13.6069049687543
-11.3546576988154
-8.17573184803511
-4.27211902181672
0.0908958621203649
4.57870750020056
8.82334183970026
12.4700255530647
15.2039375536729
16.7432765804046
16.999839938703
15.9216644898725
13.628993460999
10.3647695812808
6.42558312731563
2.16390426516634
-2.01306870492392
-5.80465528472272
-8.88633708098178
-11.0336688837318
-12.1223128535496
-12.0778339564253
-10.9213050845876
-8.78711506466289
-5.84588843695956
-2.35737031093966
1.3464576599846
4.93240499745686
8.07925724045387
10.4299958001746
11.8033982540767
12.0351461201768
11.1088914623565
9.11950055277202
6.27772302057316
2.83377916641622
-0.87555509738002
-4.5270615087608
-7.83744608940328
-10.5324097841766
-12.4281113531059
-13.4073423507922
-13.4259147258096
-12.4746773076628
-10.6977702383062
-8.17261068336357
-5.13358936650645
-1.7882373932214
1.62504125825975
4.88570181477158
7.73432675506763
10.0477402727745
11.6731577017421
12.5316074299019
12.6478666764906
12.0610938465615
10.8390067022607
9.16356990431606
7.14688247963222
4.93695930927388
2.71763389874236
0.594208776712112
-1.34516546429942
-2.95820968549937
-4.25959868581665
-5.1857672780263
-5.7397964604229
-5.94339064451024
-5.86374760587453
-5.48536392665605
-4.93511623621548
-4.23940390100722
-3.44679754757528
-2.6440808540779
-1.87381218677061
-1.15040763949188
-0.55965516245234
-0.104364087809545
0.210471623127288
0.316304746626299
0.247395889841324
-0.00581167151520013
-0.449001342613246
-1.06185316882648
-1.77244924706791
-2.59361516599898
-3.41935182075229
-4.17674008224599
-4.82138408642219
-5.24026637350634
-5.34479428329414
-5.11660228346419
-4.45129114686389
-3.35106005980402
-1.82882274660307
0.0864136983161524
2.32753508849915
4.72787416389091
7.1912325257089
9.50797111043734
11.475910472629
12.9207898680335
13.6900943145878
13.5948524494467
12.6448106495321
10.813290223911
8.16973007102671
4.93049454055816
1.28975861548897
-2.49853534348937
-6.09975231792445
-9.27560293503596
-11.7845378878719
-13.4054816402681
-14.0285504621404
-13.6332316829462
-12.1815712917427
-9.84960058119328
-6.81266167590852
-3.3002101003876
0.333746551313569
3.75710455119814
6.69151117228506
8.79061300868812
9.89661883141761
9.93246684732891
8.88527241278127
6.93149335519325
4.30169132734098
1.27914352207731
-1.82470192433064
-4.65483618199251
-7.00279510117689
-8.61217332540208
-9.35208439580566
-9.17887195535713
-8.09931023754051
-6.19342796336248
-3.66085809887948
-0.694813389894901
2.44561541309207
5.45347599198107
8.08410038274084
10.0999471784268
11.3096178075576
11.6278172279687
11.0704640129021
9.66942266949589
7.6147417160008
5.11811132820459
2.35834766957169
-0.365309835080974
-2.87400321449249
-4.99833428056255
-6.59481216983903
-7.59338095946782
-8.01445145053664
-7.85268704747561
-7.21789033127391
-6.23547060140289
-5.01569550918729
-3.71311661284261
-2.47784709513453
-1.37579628941078
-0.512268227325326
0.0772620294403338
0.432373086668052
0.557208129102526
0.524638030776561
0.432550239833
0.329577313626997
0.294344180404296
0.378632940525476
0.601641224442493
0.944317170460019
1.4096365029905
1.91960744622474
2.40909567758862
2.82804083160863
3.0936581141249
3.14909500515202
2.97967714830042
2.54914044716782
1.88621806811446
1.04718501845156
0.0797258342006929
-0.922714793895978
-1.86010164642606
-2.6659316030739
-3.24818449334444
-3.55255967366892
-3.55666013386034
-3.26757878302831
-2.69957927459487
-1.95546722028366
-1.09162733206941
-0.239207354794503
0.497199604757226
1.01105944426279
1.22389686397445
1.08387795298319
0.582028010935788
-0.229538525913528
-1.29491836939281
-2.47825654841084
-3.66407799190202
-4.69593354557435
-5.46451593121087
-5.82232419049684
-5.73664340483625
-5.12134163148367
-4.02036485448961
-2.46082162589078
-0.560170880504276
1.55761259737612
3.71933835709919
5.74370190150181
7.4597410595817
8.6966538774143
9.3436934368711
9.3334504588609
8.65069397125854
7.36839092939894
5.58724493671981
3.4789969094232
1.21682533027265
-0.985840545761891
-2.97267968133348
-4.56177847034326
-5.67674137777662
-6.22224203745062
-6.23664132991265
-5.72520038897254
-4.83019034280404
-3.6635892931849
-2.40027257076652
-1.20628979669857
-0.243962570977633
0.375253553352399
0.572271288773967
0.326658620955944
-0.294818121467741
-1.21233409160134
-2.27885953227209
-3.33197247641382
-4.21653289015847
-4.81218453004546
-4.97979073001947
-4.71531405419842
-3.98648983411437
-2.85450517490585
-1.43424637608319
0.14485377242404
1.73056531611733
3.13526083764205
4.23494301340719
4.90643887824707
5.10007105303677
4.79084699491466
4.07559154096016
3.01286798024425
1.78825668306778
0.549752394524396
-0.54091189873913
-1.34311193569901
-1.71848104698958
-1.65245866683888
-1.09756062826074
-0.118713752576392
1.16624342119742
2.61854100919006
4.05866281765013
5.25212308958095
6.04723845584613
6.26639606854295
5.79567679758482
4.62842504917549
2.8202701310498
0.455466659694806
-2.20007141809962
-4.97026045598566
-7.57284255355446
-9.76324335587972
-11.3376101649273
-12.1524575824274
-12.0841955960167
-11.1358350058187
-9.36497820076314
-6.87279565432039
-3.87450634357532
-0.607541681759578
2.66792084448341
5.67258304921655
8.10680692479581
9.84222236843512
10.6618475545704
10.5619130667685
9.579275038488
7.83531465893522
5.50168238609001
2.86564550093551
0.135318808804003
-2.42781919906205
-4.57490854563696
-6.16843776316776
-7.07372831487784
-7.20450591065589
-6.6003163591025
-5.31235576250606
-3.43642946837388
-1.18764004894009
1.24867079736149
3.67037108043838
5.77970714630116
7.43156852534672
8.44030814111125
8.69035935255362
8.15493423867525
6.92558734612724
5.03510345050713
2.72998266877092
0.19092905869311
-2.38722798504292
-4.75782649836431
-6.74923944933712
-8.25049580151526
-9.1280983323905
-9.36069871070954
-8.98594407828555
-8.02382865457559
-6.60377739805909
-4.86212430110412
-2.92946811279907
-0.961109159553371
0.864909383056429
2.47672186204127
3.76152702914154
4.64792571887101
5.17488924818332
5.33330373553127
5.16687373764924
4.78522098196657
4.23267201816354
3.57184111213734
2.89638456131599
2.2162611121047
1.5356062138472
0.90406285390601
0.26069093659061
-0.406675149079559
-1.08354399502704
-1.81402180850158
-2.58461015539251
-3.32963878089159
-4.04585955643783
-4.64962954718875
-5.03876456445933
-5.17741374619454
-4.97922077456344
-4.39208729373083
-3.42635966604309
-2.11195140167957
-0.496101508457574
1.25940349543234
3.01165569940073
4.61640524130608
5.81944054840852
6.50877353931812
6.55658500910155
5.86683040909039
4.4769916354049
2.50895694475964
0.057648169066864
-2.57900099018031
-5.18395062564306
-7.49883696899526
-9.26125376265387
-10.2645017585355
-10.3931384124041
-9.53663155035448
-7.69972384765486
-5.0009142977302
-1.55479115634501
2.35118639735915
6.40394539874385
10.2709812869417
13.5607813448726
15.933772028657
17.1334005179701
16.9953183535339
15.4628720692567
12.6949170441637
8.88436540100687
4.38544476201766
-0.412594541338547
-5.08138839572455
-9.28045169583737
-12.6243385387385
-14.9077273024115
-15.9659892935128
-15.7209249077522
-14.2287512923385
-11.6144148527667
-8.09989063511647
-3.9832929283772
0.346820193935974
4.53743375062877
8.17494718592447
10.9261590323265
12.5646110358902
12.9532557398471
12.0806961330431
10.1378856989064
7.30235132555452
3.92490690398346
0.356215589950054
-3.09482240144352
-6.10067133218651
-8.41353487323108
-9.89089553730357
-10.408603458235
-9.96433249387973
-8.61220085923262
-6.47997121688095
-3.72857701145101
-0.619868437704257
2.63343941778018
5.74019554536743
8.4701207065242
10.6002585721966
11.9922013355192
12.5334494406003
12.2404305895963
11.1475633376179
9.38587063482746
7.11034837128798
4.52509358857092
1.80734122444516
-0.842366463432102
-3.26810829324848
-5.3444684234522
-6.98673044130256
-8.12793516148121
-8.7900432609902
-8.95879760717552
-8.71565859081081
-8.10492640964603
-7.22729192752375
-6.14465055788133
-4.95024296645303
-3.70831872489809
-2.46465084658865
-1.26848737528933
-0.13987946928316
0.898719310075557
1.84495951672093
2.66061896322851
3.36764751769374
3.89250886313924
4.25039454078444
4.36835896464929
4.25311516303277
3.84110694001658
3.17360982412339
2.22691074326374
1.07151413993602
-0.228280579442319
-1.57683879132291
-2.85560676577643
-3.93863282271483
-4.70804593067871
-5.05129224831222
-4.88358888079656
-4.16082372833969
-2.89112157051387
-1.10914266831972
1.05305712162222
3.45681149863515
5.87839940674378
8.10172694959012
9.84280627636034
10.937008234006
11.1380129258906
10.4032478534743
8.67972563291586
6.08982123146746
2.79872237819248
-0.900080305836892
-4.71383318662981
-8.30538542254395
-11.3456701223956
-13.5874028659481
-14.8044969178512
-14.86852425103
-13.7547621415733
-11.5154063886596
-8.26934070562186
-4.31758088934847
0.0823022244093097
4.51665837548903
8.57499932105602
11.8949421186807
14.1573284336164
15.1175056621116
14.7329775713184
13.054451306295
10.2624104863861
6.69903902232313
2.72267713066819
-1.29896589722426
-4.94724427078213
-7.94883491481887
-10.0406979601234
-11.0713486410673
-10.9796175228281
-9.81897600710353
-7.67501787981361
-4.78383703906967
-1.40243925272978
2.14403806025692
5.52687831189975
8.37484800592094
10.457570300245
11.5447249562483
11.5224596005476
10.45811993564
8.44222684131341
5.69508141255442
2.5452470271177
-0.75467978422686
-3.8753283522846
-6.54794722287945
-8.58369461951009
-9.85467713916259
-10.2670708561163
-9.8848391799955
-8.76586397787226
-7.03893314482663
-4.91645219655222
-2.59788241833017
-0.261028963612914
1.84208052612983
3.58709096696316
4.88269939240237
5.61585518491433
5.85586225667568
5.63146310491977
5.03451987660214
4.19267351917524
3.25906356614359
2.2926449878377
1.44416865941787
0.773564799143553
0.279223239995795
0.00482894849528351
-0.0904478969546887
-0.0887814338783887
-0.0238251027413328
0.0269072240562822
-0.0487928359870344
-0.232573507855544
-0.593937559245982
-1.17282684914503
-1.85102422485845
-2.6061444739988
-3.36744263843591
-4.02169599890781
-4.47620961304987
-4.7035982838664
-4.57877689049423
-4.14001682706662
-3.39733718429555
-2.37743653734692
-1.19083911685145
0.0273530385384833
1.20254054632819
2.15180378181879
2.78131317873177
3.03866188957383
2.84660456168906
2.22916710401843
1.27281327996821
0.0572298516320955
-1.27775013454636
-2.5375333476434
-3.60799236139685
-4.3327339569366
-4.56613021063458
-4.2858190402291
-3.44133870244337
-2.05920987089684
-0.251509662288875
1.84293715919287
4.08396205253001
6.19616803697433
8.00401218599908
9.30929322601306
9.91079479894954
9.73980682693293
8.78861493251595
7.05776644407416
4.7310815352352
2.01498708598032
-0.901866091519589
-3.70549778373879
-6.16829916727029
-8.11235000501875
-9.33144361741509
-9.76131006639282
-9.39126044256195
-8.26493026604997
-6.51146308745376
-4.36081870264092
-2.0058527477411
0.260403888141906
2.17523398734641
3.54367894902117
4.20168542831985
4.07828807378095
3.23530586572917
1.79831465648863
-0.0666061187127456
-2.04910131045295
-3.93796133519
-5.46633017707883
-6.43957111011799
-6.69808640090155
-6.22336700603945
-4.95754910972449
-3.04392070478985
-0.626197031164653
2.09983888622617
4.85042240801803
7.36105978141196
9.39979468356553
10.7282718217467
11.207476036397
10.8148760576359
9.55766287802178
7.57557711889219
5.10575695882485
2.34202551967325
-0.405401947239922
-2.8906317167367
-4.89865728721815
-6.27953025137048
-6.89425571986972
-6.79325013076324
-5.96527051166921
-4.58409251601335
-2.82421674763767
-0.922781463091991
0.881423128874421
2.33181370234315
3.23766863622888
3.47977299910568
2.98602123159716
1.82979491482353
0.137427218155011
-1.89723091088994
-4.03875918533656
-6.01133840395166
-7.6283843717312
-8.65430453985632
-8.98298792365158
-8.53941931863763
-7.33237757658239
-5.42666629243488
-2.97599792864591
-0.16751382321596
2.76740380118593
5.55605350635855
7.96412501784649
9.78222630917007
10.8140978686463
11.0200729847618
10.3440432990261
8.90365650295361
6.8318683070823
4.34937218015826
1.67111871062382
-0.929743546342461
-3.26419364616529
-5.10920880727035
-6.35967365686731
-6.91102553084921
-6.77479794439871
-5.98283947126517
-4.64442502981106
-2.91842108613183
-0.988953637162144
0.929506697602151
2.62490816866806
3.92494880929813
4.67549267032054
4.81504309899762
4.30919325363305
3.24946756833694
1.73240399903353
-0.051518129810147
-1.92287494203841
-3.68339982376606
-5.16093273846243
-6.20356972277159
-6.73281345694017
-6.69573677380989
-6.11336067373239
-5.06146580220916
-3.63566378294519
-1.9946515006467
-0.275457553914733
1.32656697346249
2.72364424120344
3.74897698193868
4.39608131661032
4.61985503347867
4.47039125930077
4.01524905232143
3.3789049038503
2.65341480273815
1.97530003720449
1.43051588410081
1.0726001125771
0.939074534556792
1.0073931516667
1.21560025834967
1.47557773918976
1.68606847747068
1.71053488935572
1.46036438638065
0.876602270999556
-0.11170523386651
-1.4182662128976
-3.00753852903218
-4.71365707862487
-6.383071181837
-7.80530014380487
-8.83391469829111
-9.27138286438436
-9.02975308939467
-8.05710551802369
-6.3645931720442
-4.04845898525607
-1.28832812857687
1.70850938575594
4.67303114558588
7.28320786588804
9.32888903108794
10.5495477254346
10.8178849576109
10.1124709421477
8.49266752324917
6.10467017931027
3.24110553600184
0.16916260879467
-2.8083788649318
-5.3478182329648
-7.24369401761937
-8.28206295148567
-8.32516377453226
-7.37980704828366
-5.48569682899296
-2.7775089871243
0.47698990758436
3.98698055418711
7.4179931735026
10.3401466351158
12.4499441783663
13.4588109981557
13.1834162233219
11.5987296659056
8.83175964775572
5.09389839706125
0.754658290645346
-3.77005658789205
-8.10552845728203
-11.8396990165428
-14.6664671412433
-16.3667939499162
-16.8017218562296
-15.9255926516879
-13.8418868212357
-10.6944426574184
-6.72040856869377
-2.28908168889925
2.27305839604858
6.56483195477099
10.1909938548982
12.8794087421968
14.4452652512918
14.7283782672007
13.8617217419832
11.9401216574672
9.21673051406907
6.02581447737849
2.67997193555219
-0.530479114840712
-3.29325573900388
-5.40939445210655
-6.76505755806367
-7.22665912312242
-6.85030754046629
-5.70814975441968
-3.89609906016995
-1.64393745836912
0.826314542778256
3.30307549360744
5.50597470585177
7.21665532327
8.3204400629713
8.64487514109478
8.21067728251924
7.04881184007762
5.2791955784715
3.04393616940864
0.60047107247595
-1.90543688786645
-4.25375790341774
-6.25577347642925
-7.83531764426987
-8.88471524612363
-9.38062668406351
-9.36539065194893
-8.89888641615034
-8.03896953526243
-6.94720633591717
-5.68961571256218
-4.3795714020421
-3.1047163138647
-1.9219958499095
-0.811127446235304
0.167919775614791
1.08885054322727
1.98676977066741
2.8556751733939
3.77105868799738
4.72512002414811
5.66886009770006
6.60244597371037
7.43012627828593
8.05775945795578
8.39436328842828
8.36447799228465
7.84006348230202
6.84541317699974
5.35346062813626
3.42068321411553
1.17028078115279
-1.22972019311777
-3.64248253321351
-5.79416127611273
-7.53796432942206
-8.70432487500189
-9.12662315522985
-8.76433691200553
-7.61988707039132
-5.73298476466546
-3.28821417820591
-0.50804226642859
2.35770076875922
4.98323458079112
7.04624299411928
8.34533869545579
8.63307101967412
7.87527802622977
6.1350953815427
3.54588453461407
0.385519480861776
-2.99972175397397
-6.29177322939937
-9.13265070060509
-11.2177740695172
-12.3549290275735
-12.3651535376159
-11.21323639956
-8.92147386173216
-5.65968656218082
-1.60902286065137
2.84936089169414
7.39457469760876
11.5809163020942
15.0226691679984
17.349095567705
18.3474769250706
17.8653123230863
15.9676769533106
12.8456284120778
8.76459061935819
4.14253500864731
-0.60060619499931
-5.07543325878483
-8.90228072510617
-11.7974302062895
-13.5879077250346
-14.1651948357887
-13.5131755941887
-11.7828916377698
-9.10047044000382
-5.78542442372817
-2.12826358546938
1.49246632527516
4.7544148109919
7.29707034817641
8.94289602886467
9.51914857795141
9.03692666043611
7.61981410319878
5.45102242519493
2.81964731289831
0.0284312660701436
-2.61730756063976
-4.87230400666897
-6.50076480987053
-7.40525693522017
-7.48988242368903
-6.80034814383678
-5.38938094679878
-3.43375085395479
-1.098183103147
1.38912243054133
3.79634728958234
5.92275845925138
7.57972013932726
8.63439930742174
9.03144639838574
8.7621424482054
7.89310084367021
6.53953948915105
4.85100335386297
2.98064758076827
1.11751545981046
-0.620150712469595
-2.09943655623365
-3.26391054185294
-4.06550809868043
-4.54015918287934
-4.7090744329315
-4.67602971906479
-4.5199690854224
-4.34765984889568
-4.23718090601136
-4.25032874642533
-4.4134511572289
-4.70205509697666
-5.07275076099884
-5.4325585622421
-5.66955815262129
-5.69783109446032
-5.39813072310458
-4.71027575692524
-3.60493972900906
-2.08433594634165
-0.207543997680853
1.89877434371917
4.11122552525184
6.23945356217545
8.10396538415615
9.5187097803212
10.3526764871629
10.4804785236751
9.89009422169548
8.62255664414661
6.74828586202318
4.4800147667717
1.98351314401906
-0.486035526113905
-2.71174302517923
-4.4889675287357
-5.67086731889127
-6.14103373945033
-5.86934697420764
-4.89760060634533
-3.3177364537225
-1.31464387404388
0.881754375519478
3.01574274969866
4.83139764284133
6.03580139840374
6.50170147071548
6.07210111442164
4.76205559122242
2.69684665950493
0.0388804255008415
-2.92818223002716
-5.9021114785728
-8.57476710624233
-10.6991257586963
-12.0113254735208
-12.4235650880578
-11.8503775430778
-10.3140116522058
-7.94134138846891
-4.93570671150343
-1.5075657473114
1.97749973777604
5.25350512898734
8.02978400098266
10.0306427070528
11.1351440684246
11.2701298278405
10.4817214008381
8.91506875771583
6.80600956838283
4.38437015317116
1.92730923541963
-0.277891537253641
-2.07457793703985
-3.268889752979
-3.79118151602254
-3.6512908732948
-2.9014146135532
-1.64268801624022
-0.115949713183541
1.52873160101789
3.03442311285942
4.17661466829746
4.8075473912808
4.81076464382174
4.11635548565936
2.81568098322084
1.01885186107335
-1.11526257160249
-3.31437216739605
-5.37090555485624
-7.08878513845087
-8.23937393627889
-8.74395973829742
-8.54296300469619
-7.63999795847487
-6.14186645368208
-4.2148134275019
-2.01645378451613
0.196062751468379
2.19030691449756
3.81037785080449
4.86360173130117
5.27637454583595
5.06436318270852
4.27641244499032
3.01476813340189
1.53076287467532
-0.0576685831929126
-1.49794801077942
-2.62232018301222
-3.28638424506799
-3.42006934357463
-2.92987371494498
-1.90261648904991
-0.398375541915198
1.46192957126168
3.44246699425162
5.35042890109311
6.97721710247583
8.05484390542727
8.44323627145801
8.05092745979095
6.80731222497129
4.80644219192287
2.22277201743246
-0.792664723571489
-3.89705984432554
-6.84651998618153
-9.36547202600141
-11.2279107663528
-12.2239771225762
-12.3225920233074
-11.4205990772087
-9.62200839187268
-7.05616786992778
-3.9113029263389
-0.455079989854421
3.00533880890944
6.18522495651593
8.81046710328197
10.6052346253916
11.487504098939
11.3644952892439
10.2978591172364
8.42911069898777
5.99957041358668
3.20350205096047
0.406580378246559
-2.18551799467991
-4.33887812807615
-5.84317707214723
-6.62143513066611
-6.63495200448891
-5.88319093781628
-4.49595909806915
-2.6394616670154
-0.484496007635452
1.70791607697158
3.6854975093335
5.28763439039896
6.27107385825305
6.56986239564342
6.16055125786526
5.08356293641972
3.45076506668192
1.49226315874806
-0.659227823478477
-2.73392427613575
-4.56501803395015
-6.00666082337571
-6.96643906998765
-7.38266611033369
-7.30589119066343
-6.79106668781179
-5.930670629953
-4.89281961520424
-3.79340373319119
-2.74380030066894
-1.87434380037866
-1.20339789037053
-0.744423351941861
-0.481048566538744
-0.326699463670674
-0.147358514760449
0.0973383824610261
0.5341545873948
1.21387102757379
2.15329513593997
3.34466215054519
4.71926661969233
6.14831930550996
7.50298609728544
8.63359635388295
9.33183198776874
9.52326014569446
9.05477921965897
7.91948643002661
6.14525752108594
3.84034560150836
1.15509391174973
-1.67100556398473
-4.41865870143949
-6.8452529137235
-8.71788040510398
-9.8736731906714
-10.1973916073988
-9.63751742991474
-8.22431743137917
-6.09726687924765
-3.42414781552263
-0.489031481135236
2.39521355545237
4.92976818473444
6.79084061251036
7.76787644735141
7.70419296166311
6.6124732472418
4.55722684553236
1.80799964584311
-1.38934234390473
-4.67418818045792
-7.70928286560038
-10.1861913955022
-11.8528947895335
-12.5065331859076
-12.0651401218242
-10.4923571481956
-7.85602215014678
-4.32392777984618
-0.105914227983801
4.45288463909081
9.02785611794365
13.205226673998
16.627852951038
18.9718716990551
20
19.6015253683562
17.7988785455867
14.753949551048
10.7225134599476
6.07624967270699
1.18283885671485
-3.53345690943977
-7.73020832164346
-11.0983676333007
-13.4218006923932
-14.5604025016924
-14.4837241003944
-13.223295965631
-10.9142809949348
-7.78806827434109
-4.10075916564865
-0.210979259617534
3.53338616071588
6.7844523657263
9.24363722163761
10.6803590080615
10.9978771503683
10.2023096029787
8.40761468982823
5.85167578577953
2.8019932358817
-0.421642857987881
-3.50373001538416
-6.18027980395429
-8.23091237205692
-9.50806339412789
-9.93427663433058
-9.52136532122782
-8.31483798581923
-6.46303250441414
-4.12813360674445
-1.52534140568794
1.14923311971429
3.63906270528079
5.81570268186191
7.49048099084551
8.58983372957419
9.09496641312346
9.0210054227758
8.43008767807093
7.44978357384676
6.17722972076662
4.72693877583969
3.23205996990322
1.74439277026444
0.320719245561488
-0.979944891953844
-2.19075586586574
-3.29232881397066
-4.29475664256563
-5.21437151409302
-6.05483761542744
-6.74700810048649
-7.31229085002023
-7.63665334759312
-7.68013792919755
-7.36772042198266
-6.65264785782911
-5.47308172743279
-3.87435022514942
-1.88179240399117
0.43416646961789
2.87361989150893
5.31492707983918
7.5342419383539
9.30178374129743
10.443484012314
10.8408038386645
10.3350257157333
9.01964305824972
6.91164705698717
4.1990578576911
1.12320779904152
-2.04818429237215
-5.05008617363089
-7.57875450960903
-9.41135010292603
-10.3817059220237
-10.3443610882354
-9.28672987347612
-7.27635723914469
-4.41275820414835
-0.959742570717876
2.79669332926685
6.50352413184542
9.79044084634412
12.2526200480515
13.6621518571108
13.7675456494033
12.5309166880327
10.0401158880619
6.53158785877352
2.28554778760586
-2.22028066906992
-6.63328801751929
-10.5526265300994
-13.6059824585463
-15.5835212189657
-16.3122126203234
-15.6978241591652
-13.8171743893447
-10.7825416410858
-6.78691883218351
-2.17069467297649
2.71587061719713
7.50189387366341
11.7369694349991
15.0817517049969
17.294101697744
18.1307561542363
17.6105162039887
15.8322162966267
12.9513666613719
9.31863005719862
5.28694812820666
1.1581005118081
-2.66133760802345
-5.92334325311098
-8.3991654245222
-9.94568919418976
-10.473873239982
-10.0513527837531
-8.70633365230721
-6.62647879923649
-4.02716786847565
-1.14688546125054
1.74202305280798
4.32660800329526
6.40905987522824
7.77260033102044
8.28085185590194
7.93848920738009
6.78641620516789
4.93429813268918
2.62189867160522
0.0540061750424043
-2.54314579378235
-4.92046532983827
-6.88626457177088
-8.35497728785258
-9.15993665897374
-9.3488628448525
-8.92579606034924
-7.95283124154188
-6.55958835326332
-4.89858097955282
-3.06570082422249
-1.24765643290162
0.448176002913473
1.96339873525656
3.19698605752392
4.15171302737381
4.85042267772173
5.3152070082573
5.57624192907948
5.7467108790835
5.79164981914066
5.7911967526422
5.74329344735011
5.61481334615505
5.38499247445622
5.0298619575081
4.46264368924634
3.67253401238996
2.65818794794077
1.37837772017434
-0.0874453769002806
-1.6613019037938
-3.27424083250654
-4.76673805347911
-6.01409963919436
-6.91308737339587
-7.33301281519035
-7.19983343081902
-6.52848457629146
-5.29622759675126
-3.62773821150444
-1.64930471533288
0.450234969048423
2.47530457039382
4.16594211617495
5.36307962743386
5.89452659729669
5.66307193812353
4.69750111448436
3.06463681598251
0.916356334762508
-1.50181040226613
-3.94851314947167
-6.17410542393273
-7.92052189008921
-9.00557596095538
-9.30088992964456
-8.71936359743773
-7.28277424327886
-5.08274615174623
-2.26818883237461
0.938336950225448
4.23699817679703
7.37047351526987
10.0060509777299
11.8940096442177
12.8604070049457
12.779233560776
11.6713680388802
9.65149215898167
6.91179374101548
3.70913906463819
0.371743655977662
-2.83314118845929
-5.61703412536014
-7.75668822909434
-9.11881259478227
-9.60760764505592
-9.22386596335443
-8.05197237521916
-6.2265976121404
-3.93950597780815
-1.4509575627753
1.01297279992149
3.17232946170972
4.83871465339444
5.8377225614035
6.10186568452997
5.63784486198128
4.51749252477237
2.92054271159365
1.01816666807663
-0.951971926419466
-2.78322721330507
-4.28286207830638
-5.32262620261335
-5.78248978776767
-5.66763379575549
-4.9706783710814
-3.79672120139032
-2.25251859745198
-0.515676639063334
1.2589333258408
2.88281785730266
4.19906185751215
5.09590684637625
5.48017980842948
5.34286594429478
4.71523488458918
3.67338986894328
2.34860761374571
0.872418509464075
-0.582647864368787
-1.89860091682808
-2.93130298838774
-3.61127989552102
-3.88388456232791
-3.759080491004
-3.26080355053497
-2.5059220965008
-1.56523810289525
-0.608539120695941
0.249089542584743
0.884097069701876
1.20146794545129
1.14177406689436
0.715917126310327
-0.0346011524729565
-1.02622952674673
-2.116937477087
-3.17457600122602
-4.06455459619329
-4.63054738769886
-4.79959905800934
-4.50637486941809
-3.72031898848831
-2.50547057487365
-0.930147882755605
0.886380508334643
2.76998547494237
4.55276988220702
6.07918192977852
7.16658768761405
7.72638924652504
7.68566865844683
7.04769844825756
5.84670540222323
4.24716223939737
2.33969920687676
0.357060144482743
-1.54837775901718
-3.19805892918787
-4.46555829716769
-5.22597903232402
-5.47745780321363
-5.19863025975531
-4.45513186467365
-3.37570141440519
-2.08647855953066
-0.7428260194759
0.449552387954625
1.37784122996073
1.92158530531496
1.99029613259004
1.60949146960212
0.838189920750216
-0.270062662483452
-1.50269880462214
-2.75836681607459
-3.85639027379601
-4.67435374293438
-5.09394793231437
-5.11143431268663
-4.66669671401491
-3.84380805950006
-2.73571707074956
-1.43558396353515
-0.101848064673247
1.11876113521514
2.13130874974376
2.83977942741946
3.16046241373211
3.17077606542094
2.85034188649318
2.32260253026024
1.6988403347132
1.10567036885121
0.624023370387271
0.415009586335371
0.474000527817744
0.842992266844694
1.51752562036629
2.38176930660649
3.34190713308034
4.28642066594692
5.0139928850419
5.41622430906495
5.37733135432134
4.80137091132504
3.67934732222338
2.0852060053851
0.0751316682182704
-2.15185063971112
-4.41357419050979
-6.51156721026923
-8.2547453802912
-9.4294035349561
-9.97636774995924
-9.76997821980716
-8.82265443743383
-7.21668581238519
-5.05839629967687
-2.5212572047611
0.126095994639523
2.67538638033176
4.88178475620998
6.49783688675628
7.40366942399769
7.52100425146317
6.80864619925178
5.40466744324162
3.45579348873495
1.13566190510228
-1.25870628351306
-3.51090405035398
-5.42003706985463
-6.74824360267941
-7.39235331386418
-7.28519243407189
-6.37196747396539
-4.73972412087872
-2.50307802530491
0.189164152631234
3.10836505237491
5.96470799478019
8.57071488533072
10.6053995088297
11.888714717703
12.2984437007777
11.7358309353176
10.2349538719637
7.94764161362784
5.01654588400282
1.70950823064789
-1.68256789901605
-4.92093994211941
-7.73612840398189
-9.91378897983562
-11.3164742538568
-11.8639528348935
-11.5073422761708
-10.3313370239746
-8.44261084902075
-5.97288098094508
-3.19452908314154
-0.301881528331304
2.44680968680779
4.80800403858468
6.59613312142337
7.71289982758627
8.0372613986934
7.64096656355859
6.60017113865422
5.03690038412545
3.15325567715478
1.16658119984825
-0.781791677255134
-2.47748021490287
-3.79103794518015
-4.67644641810106
-5.03915200711683
-4.92150207756975
-4.37477622497579
-3.46603083003985
-2.30868348848543
-1.04252326415973
0.237387869303044
1.41609236550721
2.38361830212236
3.12104782826167
3.57521216574986
3.74388209893764
3.67589821419859
3.40511681321508
2.9544127817521
2.42049985945603
1.79980215047065
1.12861872715207
0.434343396318204
-0.30565905908235
-1.09209947589045
-1.92013979549549
-2.79921492118298
-3.71878333882034
-4.61896425751676
-5.4656674059001
-6.18277372206732
-6.66729653800311
-6.85428495729495
-6.65517176581231
-5.99925299343992
-4.87436351941501
-3.27613722251913
-1.2542191286487
1.09048986528379
3.60645057958034
6.1345300550765
8.44387094960651
10.343011951145
11.6271867627653
12.1472521383059
11.7888983268297
10.5781158189192
8.52094846763609
5.81157576855412
2.64111583493452
-0.732062639994619
-4.02905887764578
-6.96574188689035
-9.31824397292895
-10.8832899320053
-11.5248032935787
-11.2012570205094
-9.92424487321768
-7.78613174769883
-4.9861327187825
-1.75056574199974
1.61273046157909
4.78230470077472
7.43692629924661
9.3139458377289
10.1821256961743
9.9902353619689
8.70655398678304
6.50797347620452
3.58428504905007
0.259148275071996
-3.16625438901576
-6.35346317417667
-9.02497515806807
-10.9419823763139
-11.9396309439392
-11.9351210588132
-10.89889961415
-8.92416823859027
-6.11428831380445
-2.70154513947537
1.07614023741899
4.91434132404543
8.5374561132194
11.6056409646482
13.9370656253644
15.2935896148697
15.6169405067532
14.8975284148825
13.213691491134
10.7426306013335
7.71072676956726
4.36170155630298
0.972819727795605
-2.21936124916579
-4.99425776054288
-7.2006050506616
-8.70758804994284
-9.48863920574552
-9.5277767475082
-8.89419366947093
-7.68850427765439
-6.0742603687738
-4.1891172944476
-2.26896554825229
-0.453581123484735
1.06361307189338
2.17458893823158
2.78195406783728
2.89288695236981
2.5069120787831
1.72606336015447
0.67022574986012
-0.539495893036458
-1.75654397921339
-2.8345844517329
-3.69979222548446
-4.25581663197833
-4.45843302756388
-4.33114012101562
-3.87100093752767
-3.13398131955167
-2.20139064063757
-1.13807588438362
-0.000722438308137345
1.10030491300655
2.1518473673455
3.10161234880818
3.90837008516951
4.58624737783326
5.14465344545157
5.53577765517918
5.8391910010659
6.00094306456971
6.02642371826197
5.90366116473702
5.60902712565758
5.08160809417154
4.33404745710555
3.31889612531049
2.02975994728773
0.515401000287789
-1.19137950661328
-3.02516178372705
-4.84089829944624
-6.54482000352924
-8.00811932863644
-9.06924714184069
-9.64628227634728
-9.66578563849657
-9.03936354736983
-7.83242982100613
-6.06785482670955
-3.86191973697676
-1.37781183741801
1.16621020190111
3.6094800981122
5.66849435627299
7.19040035555097
8.03538381355984
8.09401851340298
7.38343059037714
6.00017601092823
4.05780057581202
1.7743476968401
-0.595184204721101
-2.85605889568364
-4.75145861240869
-6.10314952719593
-6.78830084627509
-6.74068773561434
-5.91546395607496
-4.4349055994351
-2.38570448574365
0.0588123705097452
2.62435770452447
5.10643781236789
7.25311336066648
8.80100952159796
9.61977179484361
9.60881611625624
8.70562458368848
7.04254171093191
4.75080465622688
2.00722480307093
-0.891036547322595
-3.71188088862319
-6.23828240342524
-8.23313659467307
-9.56304545997822
-10.1738797334257
-9.98736926037105
-9.09377180220005
-7.58989575652778
-5.60140860318615
-3.33736276283545
-1.01329773239606
1.20871258651793
3.11624703661053
4.56339306065833
5.50389284379076
5.87944943485387
5.71138126935045
5.1354774432443
4.21602043741269
3.11002041201157
1.98279202992342
0.93339942160688
0.0700894987483914
-0.494600796378007
-0.777529896320899
-0.749001678789491
-0.437541934668057
0.0689874058891529
0.680812632034018
1.33250840557676
1.87448258373644
2.22903022747179
2.35044084293842
2.13762580090902
1.6119462373966
0.812897439135638
-0.254926314859723
-1.4585573864307
-2.70170033641769
-3.89661119806272
-4.91455046082511
-5.64920491067952
-6.081185789211
-6.12229917462798
-5.7962106815245
-5.14427653579142
-4.21993122872787
-3.09781758593524
-1.93061052788362
-0.774892101451139
0.246386908353896
1.03604946627262
1.57945070398341
1.83314420922791
1.81647082202704
1.58759447888359
1.22996329597409
0.794638119506719
0.43067295711214
0.183703663497825
0.135633090731709
0.338260023282945
0.812468607476176
1.49988945888805
2.41122401063591
3.41721758364202
4.42194332146602
5.33760084471004
6.01462863504373
6.35437867861454
6.30223136825112
5.78306155187713
4.81435317023848
3.44654694484927
1.76329242262763
-0.132399607079161
-2.04908992099856
-3.89276812953906
-5.48805946084582
-6.72571895384391
-7.52318618608155
-7.85351526317098
-7.68093948009773
-7.10206087863629
-6.16207306820642
-4.99320722537057
-3.72187790685614
-2.4870007658857
-1.38755643915371
-0.539961591406396
0.0164206493906555
0.278537527857455
0.261332547432448
0.044994093756119
-0.271889187247472
-0.606435299614912
-0.839753125089255
-0.892974034481296
-0.723743569073921
-0.291710265867011
0.376893427864989
1.23936918515756
2.21248242759509
3.21400459790836
4.11362240634454
4.83648343256728
5.27989653468584
5.39971125612122
5.16313699113856
4.61264616358595
3.76610611340093
2.75588796757684
1.64437407509145
0.575071605053053
-0.364943137268754
-1.07516272063569
-1.51357361892859
-1.64629522887625
-1.49837231825001
-1.13071094277419
-0.634152704408572
-0.115769996425986
0.280595333992324
0.456791319735767
0.302249035940809
-0.228047072601105
-1.14582951036483
-2.38608532053155
-3.87144745863017
-5.429222602537
-6.92118237169612
-8.14821846599789
-8.97720037524108
-9.25031520561009
-8.9068970702357
-7.88795469736821
-6.22843751365791
-3.99895835676268
-1.3314941804637
1.59561734010082
4.58492459659291
7.38394365325172
9.80467655055637
11.6217071795001
12.6865301684594
12.9125328002804
12.2787021973428
10.8126117213104
8.67917823332895
6.00995159070751
3.04746210606629
0.0268800751862475
-2.83771345192095
-5.32089860072148
-7.24650681060552
-8.49763199638294
-8.99408950270888
-8.71178450097218
-7.71760164628232
-6.1013443536117
-4.00604631733487
-1.66799559207624
0.721029600490412
2.91502110155887
4.68095174330304
5.85505952729942
6.32159680137951
6.00718122393505
4.98336213695775
3.33678524792825
1.24070194489293
-1.08959134358097
-3.42005316560827
-5.54968111395091
-7.26028621036476
-8.39692371246777
-8.87259662813168
-8.60649626237465
-7.61683222820607
-5.97794014163179
-3.77043190745341
-1.17376323412509
1.6220362826115
4.41744467303615
7.00056351827025
9.14265828863316
10.7180919847307
11.5853343061097
11.6787066951851
11.030056827251
9.69892343085283
7.77611167523176
5.47654101155205
2.93670280522329
0.336123196091409
-2.11056608472032
-4.30519816251853
-6.11900085909308
-7.45539911835789
-8.31097676479738
-8.6752771705509
-8.55907842512216
-8.04527083288386
-7.21343480684013
-6.10347974411897
-4.86331455664029
-3.53923251733723
-2.20203534082229
-0.940295417835125
0.207506121170036
1.23600781660165
2.05973810406776
2.70517261132415
3.15847606267923
3.37397937648249
3.37714907868362
3.16975922432523
2.7350936446987
2.10327306051006
1.34116156667795
0.428194186829378
-0.501108300887992
-1.39742469337698
-2.18603462436333
-2.7561604409345
-3.01571554904116
-2.93853120981381
-2.42195767448011
-1.47955981200134
-0.135412502103778
1.57328136547124
3.54119138642789
5.59527049462013
7.60180327042878
9.34622908699096
10.6063506649298
11.2270611230979
11.0662636913927
9.98643460755728
8.06244494780672
5.31404033180367
1.91724916718826
-1.86843839469225
-5.76984948461358
-9.51356695952854
-12.7377347066767
-15.2294291060241
-16.774875011101
-17.2034929634577
-16.4810630536929
-14.6454344890244
-11.7454215551656
-8.02997166051858
-3.73788354734204
0.84725892360616
5.33018753102113
9.38129101944961
12.7161999892243
15.0298263273551
16.1948333685943
16.1786872986825
14.9859237850988
12.8072104217734
9.88619325215015
6.47139934825805
2.88278940346817
-0.547358959748156
-3.61882201408024
-6.04758681292959
-7.69752521090033
-8.47568051215116
-8.34213188025177
-7.3110928652733
-5.53151188269076
-3.10861932904533
-0.284317829661048
2.69342690888943
5.54942006794052
8.03400315433372
9.85317994321498
10.8559469252014
10.9151976050186
9.96528779134445
8.11174293002413
5.49568911103593
2.29700971933778
-1.16836178298259
-4.65045792150628
-7.88267915172988
-10.6096192258386
-12.6312892256459
-13.8563423654995
-14.1473008606901
-13.5370788919447
-12.067576269817
-9.82719596392207
-6.97423364256341
-3.7378943705052
-0.281363321892032
3.10788028124889
6.21248986498165
8.85994355973512
10.8433337821042
12.0803633140284
12.5328920440064
12.2096190202601
11.1738893132192
9.59174679792523
7.56733359220247
5.29772076262201
2.95561295721023
0.680874856847006
-1.39161464459487
-3.12937299470692
-4.49890312590792
-5.43225120136589
-5.9144400689551
-5.97879340704801
-5.64678027015489
-4.97025590215313
-4.0316038031824
-2.8966248268739
-1.64816523367233
-0.381950713337908
0.816769682857301
1.8847595212257
2.71278739663865
3.26478475891735
3.47923466371238
3.31871482277527
2.78244905847565
1.89172601314911
0.67342915216006
-0.78099540999448
-2.38204968005117
-4.01815935693969
-5.55976490101496
-6.8625410005145
-7.823125953222
-8.31450532754521
-8.24941377630879
-7.58533645577119
-6.292409476083
-4.39422225368434
-1.98308625773237
0.850742300834651
3.91994788881665
7.03403216079716
9.96061183636282
12.4714125416128
14.3267864355377
15.3564105416261
15.4181443638963
14.4488137448606
12.4980642495502
9.66423056375658
6.14539035488093
2.20734077709779
-1.87167558837882
-5.78550647251543
-9.24399280469393
-12.0141944371698
-13.8982203434211
-14.7753573044004
-14.6064911775018
-13.4080202644281
-11.3072012008719
-8.4584285118182
-5.1244270174244
-1.57325548308627
1.88233501165874
4.96151505897594
7.38983718908009
9.00633291249483
9.69663951668236
9.45437516926579
8.38493097304455
6.63006874968015
4.41064702754956
1.98010652722559
-0.432488426602257
-2.60730843290237
-4.33048323119432
-5.50798591310379
-6.01460535817188
-5.84620795015517
-5.01936092268177
-3.61356648304685
-1.73378222507544
0.4408771406355
2.75425887621894
5.0055541225115
7.00503875704259
8.5841708367811
9.62164909244843
9.99613664065064
9.69920844349103
8.73124841322348
7.16029091194113
5.09876358790313
2.70499308642666
0.117102111177412
-2.46579324053002
-4.90199802968335
-7.03509123363487
-8.76061772677104
-9.9694247257142
-10.6508990797182
-10.7520631614508
-10.3161110872164
-9.39977435680435
-8.07210852192059
-6.4306337106349
-4.62234401610469
-2.72017147596388
-0.87634429951077
0.81566404314421
2.28297995671879
3.46755646694218
4.31338296682789
4.85529947174486
5.09463513156725
5.0497722650469
4.81801087561239
4.41766020119187
3.91000961409197
3.37412257399654
2.83216280395335
2.30273851099647
1.86934407321592
1.47610795654394
1.17464631887579
0.957570656974823
0.819404890519786
0.734292716634146
0.743949449769766
0.782143805920173
0.867027230338736
0.990149109479238
1.10935926860866
1.20649428124812
1.28418607222038
1.26042403789618
1.13859846507242
0.887748166620447
0.453157689327466
-0.160816773627005
-0.942400792506165
-1.9187544563214
-3.01330757928678
-4.17911756660304
-5.35285851450964
-6.44642704510898
-7.32911578045022
-7.97866820406572
-8.24841154757378
-8.10960685350824
-7.53469172797507
-6.50091105964632
-5.03436643128198
-3.23723556236789
-1.16095380616731
1.05183190038412
3.24035268067552
5.28994340661552
7.040238162067
8.35104223723273
9.15359593240527
9.40168565848864
9.03643160320308
8.17636731172814
6.86034438808023
5.20195901218252
3.38353479245224
1.52974672746215
-0.236416360746246
-1.73817609687993
-2.92720514844254
-3.74093056351941
-4.12705613008571
