-0.741367283928083
-0.813682420795178
-0.8247372605215
-0.777805407340092
-0.676930202915209
-0.538141067631979
-0.372339812934303
-0.193255423354009
-0.0202806280524795
0.133326134005868
0.257171123551129
0.335791085475129
0.36849003839513
0.35288443386942
0.289944541303313
0.188380405231094
0.0612006713256356
-0.0853829054486358
-0.232440626004421
-0.368287693019295
-0.483756682700467
-0.56551724075384
-0.606813490251055
-0.60663879868015
-0.559045902808234
-0.468869230222656
-0.341461808740827
-0.18295832719735
-0.00354071522403148
0.182624138479369
0.366485852834168
0.533310394135196
0.670783524021092
0.771209308977617
0.826971417610619
0.830683571561617
0.78789733675608
0.696297106395354
0.56382005370185
0.399809649113894
0.214099955449122
0.0162175090274797
-0.178599062724176
-0.363393279593577
-0.526781001408461
-0.660971033589934
-0.760091233934854
-0.822155539682849
-0.842706236034817
-0.824322753218796
-0.770065307327576
-0.68125957142303
-0.567483526981302
-0.433305871164828
-0.287796934804695
-0.138704265920209
0.00284197682801198
0.132902440656673
0.239448262784554
0.31984139353814
0.368500672753094
0.384703163253931
0.366819084379697
0.322174168954545
0.251116881893628
0.164947953137144
0.0714423401566955
-0.0211965401039612
-0.101776702044557
-0.161555701471496
-0.194728169063378
-0.194128622627052
-0.158574091529497
-0.0878365025223889
0.0132016925608869
0.139780951148832
0.278586063747491
0.420393145612151
0.548848213761312
0.651317855490915
0.712574552269619
0.724691824169558
0.676573479374451
0.571125895322462
0.40749219242019
0.197981637247809
-0.0451642521208125
-0.303351270777308
-0.557479732654985
-0.788105459313716
-0.976547865200428
-1.10932656247487
-1.17590915124873
-1.17220606559611
-1.09841291788762
-0.963191463067439
-0.775702753715146
-0.553991029720268
-0.314883684281369
-0.0782370804842136
0.139507378901208
0.320302463286706
0.457471494507951
0.542218998457969
0.575889549187258
0.563968079357063
0.514550165215302
0.439421950601231
0.353136206301096
0.265620730479781
0.190457707249776
0.134474554759356
0.104114054683139
0.0996885335239946
0.12106887446156
0.16227151360223
0.215719816858107
0.273106109073947
0.324124196822659
0.357795829329505
0.369278830379565
0.349550406419462
0.298066918654976
0.215670331245592
0.10630847893448
-0.0231925424102036
-0.161200600910017
-0.300273386832807
-0.427561907802535
-0.534213225062879
-0.613325341318097
-0.660270518626157
-0.670404803229475
-0.648803787022205
-0.595949375902403
-0.518209011758125
-0.425164060326277
-0.322991836433588
-0.220428864612019
-0.126967197133041
-0.0472902578124595
0.0153780547794894
0.0556052702507832
0.0769138057340171
0.0810268767633136
0.0702776911760901
0.0518354019626229
0.0322600119199825
0.0134067229591532
0.00480696010776169
0.00868486045046544
0.0248310157547864
0.058291356392466
0.104587070329711
0.160691981695339
0.223145906955289
0.286237806124964
0.34076117905191
0.384055798478129
0.408379000238206
0.407698161726289
0.382691123684632
0.330649686310588
0.251874280332111
0.153853353008189
0.040032891248466
-0.0840779330215506
-0.205623028334086
-0.32139268789754
-0.42279786922581
-0.50179823170936
-0.555991645714201
-0.584498532438137
-0.582531083400273
-0.556829446386336
-0.509623483025317
-0.443663361488867
-0.368368128353787
-0.289039134528446
-0.207536750772912
-0.13397616291937
-0.067751773528181
-0.00939952393137892
0.0381413745267389
0.0780095840328456
0.114759617313123
0.146280255265646
0.1781774855989
0.212089288880322
0.24568653152501
0.278568568182585
0.312082570802748
0.335648914767515
0.350905350279448
0.353254169728848
0.335710099470835
0.300091025998052
0.246512126915784
0.172308022298579
0.0873976410511485
-0.00507256173608588
-0.099025912988843
-0.184401250295491
-0.253212713377316
-0.303989231298943
-0.327144540136906
-0.324520365423978
-0.299391752430796
-0.254198374879339
-0.197764372473027
-0.143375196765003
-0.0967195079669465
-0.0708514851038888
-0.0751448626214271
-0.109013596821162
-0.176358303485835
-0.270972742839181
-0.382109788762144
-0.496327733802642
-0.603293367715931
-0.679865594223232
-0.718462932540619
-0.705941843719966
-0.632970231205434
-0.499215818067222
-0.309394129571305
-0.066620573452395
0.20871083428582
0.500850841950873
0.789603417075365
1.04730140577211
1.25226277514334
1.38772917544927
1.43370927698572
1.38590398861676
1.24635441238495
1.02155368366892
0.728950758484956
0.395939967022613
0.0409665797078682
-0.301702296831682
-0.60911935441089
-0.859685511268409
-1.03585099658842
-1.12448825444216
-1.12661041208763
-1.04049556043818
-0.87842997347179
-0.657174023484389
-0.397275887461044
-0.123014628976095
0.136006789487661
0.356762514674283
0.518440198099226
0.601673073122167
0.603990627636679
0.524584839530352
0.372912587399486
0.167300535469835
-0.0696852955578747
-0.317206899770367
-0.547368611972008
-0.739869815303034
-0.878265965829883
-0.94755949090778
-0.940536542744674
-0.8589410690551
-0.702353712902327
-0.483630198089839
-0.21711974278537
0.081486385681236
0.39014337414482
0.684821908095438
0.949481489561091
1.15999663196796
1.30414885173628
1.37216776425101
1.35969246767745
1.26772842373619
1.10838698527893
0.890192871646889
0.631023713351416
0.350779566126835
0.0651149742981304
-0.207698386306918
-0.450176374027661
-0.65369426579355
-0.80689531495774
-0.905408376025796
-0.948613083484889
-0.938846932840634
-0.880018211838515
-0.782899123655052
-0.655602164581175
-0.509898532168488
-0.35745972009624
-0.209610114832795
-0.0736652171431603
0.0401842091031043
0.12976215062832
0.191700262546107
0.225280164084027
0.233581369437278
0.218378511641957
0.184674460558864
0.135186048106418
0.0762326254754706
0.0101556189415574
-0.0574268429742002
-0.122728626278911
-0.181170173854887
-0.228921015250086
-0.259783111176565
-0.271240406226104
-0.258100860886701
-0.216901325215607
-0.147008850884028
-0.0468558724712311
0.0794564463800867
0.228177231480605
0.389412685635411
0.553220598181304
0.704401948458593
0.827877373326582
0.908946659804118
0.931324073341896
0.886382514057837
0.767260818252745
0.575501934761032
0.319506867064006
0.014884311199643
-0.317749379416549
-0.651439112925225
-0.960873364334959
-1.21833033562282
-1.40228988844304
-1.49347803629575
-1.48103674888483
-1.36069049687543
-1.13546576988154
-0.817573184803511
-0.427211902181672
0.00908958621203649
0.457870750020056
0.882334183970025
1.24700255530647
1.52039375536729
1.67432765804046
1.6999839938703
1.59216644898725
1.3628993460999
1.03647695812808
0.642558312731563
0.216390426516634
-0.201306870492392
-0.580465528472272
-0.888633708098178
-1.10336688837318
-1.21223128535496
-1.20778339564253
-1.09213050845876
-0.878711506466289
-0.584588843695956
-0.235737031093966
0.13464576599846
0.493240499745686
0.807925724045387
1.04299958001746
1.18033982540767
1.20351461201768
1.11088914623565
0.911950055277202
0.627772302057316
0.283377916641622
-0.087555509738002
-0.45270615087608
-0.783744608940328
-1.05324097841766
-1.24281113531059
-1.34073423507922
-1.34259147258096
-1.24746773076628
-1.06977702383062
-0.817261068336357
-0.513358936650645
-0.17882373932214
0.162504125825975
0.488570181477158
0.773432675506763
1.00477402727745
1.16731577017421
1.25316074299019
1.26478666764906
1.20610938465615
1.08390067022607
0.916356990431606
0.714688247963222
0.493695930927388
0.271763389874236
0.0594208776712112
-0.134516546429942
-0.295820968549937
-0.425959868581665
-0.51857672780263
-0.57397964604229
-0.594339064451024
-0.586374760587453
-0.548536392665605
-0.493511623621548
-0.423940390100722
-0.344679754757528
-0.26440808540779
-0.187381218677061
-0.115040763949188
-0.055965516245234
-0.0104364087809545
0.0210471623127288
0.0316304746626299
0.0247395889841324
-0.000581167151520013
-0.0449001342613246
-0.106185316882648
-0.177244924706791
-0.259361516599898
-0.341935182075229
-0.417674008224599
-0.482138408642219
-0.524026637350634
-0.534479428329414
-0.511660228346419
-0.445129114686389
-0.335106005980402
-0.182882274660307
0.00864136983161524
0.232753508849915
0.472787416389091
0.71912325257089
0.950797111043734
1.1475910472629
1.29207898680335
1.36900943145878
1.35948524494467
1.26448106495321
1.0813290223911
0.816973007102671
0.493049454055817
0.128975861548897
-0.249853534348937
-0.609975231792445
-0.927560293503596
-1.17845378878719
-1.34054816402681
-1.40285504621404
-1.36332316829462
-1.21815712917427
-0.984960058119328
-0.681266167590852
-0.33002101003876
0.0333746551313569
0.375710455119814
0.669151117228506
0.879061300868812
0.989661883141761
0.993246684732891
0.888527241278127
0.693149335519325
0.430169132734098
0.127914352207731
-0.182470192433064
-0.465483618199251
-0.700279510117689
-0.861217332540207
-0.935208439580566
-0.917887195535713
-0.809931023754051
-0.619342796336248
-0.366085809887948
-0.0694813389894901
0.244561541309207
0.545347599198107
0.808410038274084
1.00999471784268
1.13096178075576
1.16278172279687
1.10704640129021
0.966942266949589
0.76147417160008
0.511811132820459
0.235834766957169
-0.0365309835080974
-0.287400321449249
-0.499833428056255
-0.659481216983903
-0.759338095946781
-0.801445145053664
-0.785268704747561
-0.721789033127391
-0.623547060140289
-0.501569550918729
-0.371311661284261
-0.247784709513453
-0.137579628941078
-0.0512268227325326
0.00772620294403338
0.0432373086668052
0.0557208129102526
0.0524638030776561
0.0432550239833
0.0329577313626997
0.0294344180404296
0.0378632940525476
0.0601641224442493
0.0944317170460019
0.14096365029905
0.191960744622474
0.240909567758862
0.282804083160863
0.30936581141249
0.314909500515202
0.297967714830042
0.254914044716782
0.188621806811446
0.104718501845156
0.00797258342006929
-0.0922714793895978
-0.186010164642606
-0.26659316030739
-0.324818449334444
-0.355255967366892
-0.355666013386034
-0.326757878302831
-0.269957927459487
-0.195546722028366
-0.109162733206941
-0.0239207354794503
0.0497199604757226
0.101105944426279
0.122389686397445
0.108387795298319
0.0582028010935788
-0.0229538525913528
-0.129491836939281
-0.247825654841084
-0.366407799190202
-0.469593354557435
-0.546451593121087
-0.582232419049684
-0.573664340483625
-0.512134163148367
-0.402036485448961
-0.246082162589078
-0.0560170880504276
0.155761259737612
0.371933835709919
0.574370190150181
0.74597410595817
0.86966538774143
0.93436934368711
0.93334504588609
0.865069397125854
0.736839092939894
0.558724493671981
0.34789969094232
0.121682533027265
-0.0985840545761891
-0.297267968133348
-0.456177847034326
-0.567674137777662
-0.622224203745062
-0.623664132991265
-0.572520038897254
-0.483019034280404
-0.36635892931849
-0.240027257076652
-0.120628979669857
-0.0243962570977633
0.0375253553352399
0.0572271288773967
0.0326658620955944
-0.0294818121467741
-0.121233409160134
-0.227885953227209
-0.333197247641382
-0.421653289015847
-0.481218453004546
-0.497979073001947
-0.471531405419842
-0.398648983411437
-0.285450517490585
-0.143424637608319
0.014485377242404
0.173056531611733
0.313526083764205
0.423494301340719
0.490643887824707
0.510007105303677
0.479084699491466
0.407559154096016
0.301286798024425
0.178825668306778
0.0549752394524396
-0.054091189873913
-0.134311193569901
-0.171848104698958
-0.165245866683888
-0.109756062826074
-0.0118713752576392
0.116624342119742
0.261854100919006
0.405866281765013
0.525212308958095
0.604723845584613
0.626639606854295
0.579567679758482
0.462842504917549
0.28202701310498
0.0455466659694806
-0.220007141809962
-0.497026045598566
-0.757284255355446
-0.976324335587972
-1.13376101649273
-1.21524575824274
-1.20841955960167
-1.11358350058187
-0.936497820076314
-0.687279565432039
-0.387450634357532
-0.0607541681759578
0.266792084448341
0.567258304921655
0.810680692479581
0.984222236843512
1.06618475545704
1.05619130667685
0.957927503848801
0.783531465893522
0.550168238609001
0.286564550093551
0.0135318808804003
-0.242781919906205
-0.457490854563696
-0.616843776316776
-0.707372831487784
-0.720450591065589
-0.66003163591025
-0.531235576250606
-0.343642946837388
-0.118764004894009
0.124867079736149
0.367037108043838
0.577970714630116
0.743156852534672
0.844030814111125
0.869035935255361
0.815493423867525
0.692558734612724
0.503510345050713
0.272998266877092
0.019092905869311
-0.238722798504292
-0.475782649836431
-0.674923944933712
-0.825049580151526
-0.91280983323905
-0.936069871070954
-0.898594407828555
-0.802382865457559
-0.660377739805909
-0.486212430110412
-0.292946811279907
-0.0961109159553371
0.0864909383056429
0.247672186204127
0.376152702914154
0.464792571887101
0.517488924818332
0.533330373553127
0.516687373764924
0.478522098196657
0.423267201816354
0.357184111213734
0.289638456131599
0.22162611121047
0.15356062138472
0.090406285390601
0.026069093659061
-0.0406675149079559
-0.108354399502704
-0.181402180850158
-0.258461015539251
-0.332963878089159
-0.404585955643783
-0.464962954718875
-0.503876456445932
-0.517741374619454
-0.497922077456344
-0.439208729373083
-0.342635966604309
-0.211195140167957
-0.0496101508457574
0.125940349543234
0.301165569940073
0.461640524130608
0.581944054840852
0.650877353931812
0.655658500910155
0.586683040909039
0.44769916354049
0.250895694475964
0.0057648169066864
-0.257900099018031
-0.518395062564306
-0.749883696899526
-0.926125376265386
-1.02645017585355
-1.03931384124041
-0.953663155035448
-0.769972384765486
-0.50009142977302
-0.155479115634501
0.235118639735915
0.640394539874385
1.02709812869417
1.35607813448726
1.5933772028657
1.71334005179701
1.69953183535339
1.54628720692567
1.26949170441637
0.888436540100687
0.438544476201766
-0.0412594541338547
-0.508138839572455
-0.928045169583737
-1.26243385387385
-1.49077273024115
-1.59659892935128
-1.57209249077522
-1.42287512923385
-1.16144148527667
-0.809989063511647
-0.39832929283772
0.0346820193935974
0.453743375062877
0.817494718592447
1.09261590323265
1.25646110358902
1.29532557398471
1.20806961330431
1.01378856989064
0.730235132555452
0.392490690398346
0.0356215589950054
-0.309482240144352
-0.610067133218651
-0.841353487323108
-0.989089553730357
-1.0408603458235
-0.996433249387973
-0.861220085923262
-0.647997121688095
-0.372857701145101
-0.0619868437704257
0.263343941778018
0.574019554536743
0.84701207065242
1.06002585721966
1.19922013355192
1.25334494406003
1.22404305895963
1.11475633376179
0.938587063482746
0.711034837128798
0.452509358857092
0.180734122444516
-0.0842366463432102
-0.326810829324849
-0.53444684234522
-0.698673044130256
-0.812793516148121
-0.87900432609902
-0.895879760717552
-0.871565859081081
-0.810492640964603
-0.722729192752375
-0.614465055788133
-0.495024296645303
-0.370831872489809
-0.246465084658865
-0.126848737528933
-0.013987946928316
0.0898719310075557
0.184495951672093
0.266061896322851
0.336764751769374
0.389250886313924
0.425039454078444
0.436835896464929
0.425311516303277
0.384110694001658
0.317360982412339
0.222691074326374
0.107151413993602
-0.0228280579442319
-0.157683879132291
-0.285560676577643
-0.393863282271483
-0.470804593067871
-0.505129224831222
-0.488358888079656
-0.416082372833969
-0.289112157051387
-0.110914266831972
0.105305712162222
0.345681149863515
0.587839940674378
0.810172694959012
0.984280627636034
1.0937008234006
1.11380129258906
1.04032478534743
0.867972563291586
0.608982123146746
0.279872237819248
-0.0900080305836892
-0.471383318662981
-0.830538542254394
-1.13456701223956
-1.35874028659481
-1.48044969178512
-1.486852425103
-1.37547621415733
-1.15154063886596
-0.826934070562186
-0.431758088934847
0.00823022244093097
0.451665837548903
0.857499932105602
1.18949421186807
1.41573284336164
1.51175056621116
1.47329775713184
1.3054451306295
1.02624104863861
0.669903902232313
0.272267713066819
-0.129896589722426
-0.494724427078213
-0.794883491481887
-1.00406979601234
-1.10713486410673
-1.09796175228281
-0.981897600710353
-0.767501787981361
-0.478383703906967
-0.140243925272978
0.214403806025692
0.552687831189975
0.837484800592094
1.0457570300245
1.15447249562483
1.15224596005476
1.045811993564
0.844222684131341
0.569508141255442
0.25452470271177
-0.075467978422686
-0.38753283522846
-0.654794722287945
-0.858369461951009
-0.985467713916259
-1.02670708561163
-0.988483917999549
-0.876586397787226
-0.703893314482663
-0.491645219655222
-0.259788241833017
-0.0261028963612914
0.184208052612983
0.358709096696316
0.488269939240237
0.561585518491433
0.585586225667568
0.563146310491977
0.503451987660214
0.419267351917524
0.325906356614359
0.22926449878377
0.144416865941787
0.0773564799143553
0.0279223239995795
0.000482894849528351
-0.00904478969546887
-0.00887814338783887
-0.00238251027413328
0.00269072240562822
-0.00487928359870344
-0.0232573507855544
-0.0593937559245982
-0.117282684914503
-0.185102422485845
-0.26061444739988
-0.336744263843591
-0.402169599890781
-0.447620961304987
-0.47035982838664
-0.457877689049423
-0.414001682706662
-0.339733718429555
-0.237743653734692
-0.119083911685145
0.00273530385384833
0.120254054632819
0.215180378181879
0.278131317873177
0.303866188957383
0.284660456168906
0.222916710401843
0.127281327996821
0.00572298516320955
-0.127775013454636
-0.25375333476434
-0.360799236139685
-0.43327339569366
-0.456613021063458
-0.42858190402291
-0.344133870244337
-0.205920987089684
-0.0251509662288875
0.184293715919287
0.408396205253001
0.619616803697433
0.800401218599908
0.930929322601306
0.991079479894954
0.973980682693293
0.878861493251595
0.705776644407416
0.47310815352352
0.201498708598032
-0.0901866091519588
-0.370549778373879
-0.616829916727029
-0.811235000501875
-0.933144361741509
-0.976131006639282
-0.939126044256195
-0.826493026604997
-0.651146308745376
-0.436081870264092
-0.20058527477411
0.0260403888141906
0.217523398734641
0.354367894902117
0.420168542831985
0.407828807378095
0.323530586572917
0.179831465648863
-0.00666061187127456
-0.204910131045295
-0.393796133519
-0.546633017707883
-0.643957111011799
-0.669808640090155
-0.622336700603945
-0.495754910972449
-0.304392070478985
-0.0626197031164653
0.209983888622617
0.485042240801803
0.736105978141196
0.939979468356553
1.07282718217467
1.1207476036397
1.08148760576359
0.955766287802178
0.757557711889219
0.510575695882485
0.234202551967325
-0.0405401947239922
-0.28906317167367
-0.489865728721815
-0.627953025137048
-0.689425571986972
-0.679325013076324
-0.596527051166921
-0.458409251601335
-0.282421674763767
-0.0922781463091991
0.0881423128874421
0.233181370234315
0.323766863622888
0.347977299910568
0.298602123159716
0.182979491482353
0.0137427218155011
-0.189723091088994
-0.403875918533656
-0.601133840395166
-0.76283843717312
-0.865430453985632
-0.898298792365158
-0.853941931863763
-0.733237757658239
-0.542666629243488
-0.297599792864591
-0.016751382321596
0.276740380118593
0.555605350635855
0.796412501784649
0.978222630917007
1.08140978686463
1.10200729847618
1.03440432990261
0.890365650295361
0.68318683070823
0.434937218015826
0.167111871062382
-0.0929743546342461
-0.326419364616529
-0.510920880727035
-0.635967365686731
-0.691102553084921
-0.677479794439871
-0.598283947126517
-0.464442502981106
-0.291842108613183
-0.0988953637162144
0.0929506697602151
0.262490816866806
0.392494880929812
0.467549267032054
0.481504309899762
0.430919325363305
0.324946756833694
0.173240399903353
-0.0051518129810147
-0.192287494203841
-0.368339982376606
-0.516093273846243
-0.620356972277159
-0.673281345694017
-0.669573677380989
-0.611336067373239
-0.506146580220916
-0.363566378294519
-0.19946515006467
-0.0275457553914733
0.132656697346249
0.272364424120344
0.374897698193868
0.439608131661032
0.461985503347867
0.447039125930077
0.401524905232143
0.33789049038503
0.265341480273815
0.197530003720449
0.143051588410081
0.10726001125771
0.0939074534556792
0.10073931516667
0.121560025834967
0.147557773918976
0.168606847747068
0.171053488935572
0.146036438638065
0.0876602270999556
-0.011170523386651
-0.14182662128976
-0.300753852903218
-0.471365707862487
-0.6383071181837
-0.780530014380487
-0.883391469829111
-0.927138286438436
-0.902975308939467
-0.805710551802369
-0.63645931720442
-0.404845898525607
-0.128832812857687
0.170850938575594
0.467303114558588
0.728320786588804
0.932888903108794
1.05495477254346
1.08178849576109
1.01124709421477
0.849266752324917
0.610467017931027
0.324110553600184
0.016916260879467
-0.28083788649318
-0.53478182329648
-0.724369401761937
-0.828206295148567
-0.832516377453226
-0.737980704828366
-0.548569682899296
-0.27775089871243
0.047698990758436
0.398698055418711
0.74179931735026
1.03401466351158
1.24499441783663
1.34588109981557
1.31834162233219
1.15987296659056
0.883175964775572
0.509389839706125
0.0754658290645346
-0.377005658789205
-0.810552845728203
-1.18396990165428
-1.46664671412433
-1.63667939499162
-1.68017218562296
-1.59255926516879
-1.38418868212357
-1.06944426574184
-0.672040856869377
-0.228908168889925
0.227305839604858
0.656483195477099
1.01909938548982
1.28794087421968
1.44452652512918
1.47283782672007
1.38617217419832
1.19401216574672
0.921673051406907
0.602581447737849
0.267997193555219
-0.0530479114840712
-0.329325573900388
-0.540939445210655
-0.676505755806367
-0.722665912312242
-0.685030754046629
-0.570814975441968
-0.389609906016995
-0.164393745836912
0.0826314542778256
0.330307549360744
0.550597470585177
0.721665532327
0.83204400629713
0.864487514109478
0.821067728251924
0.704881184007762
0.52791955784715
0.304393616940864
0.060047107247595
-0.190543688786645
-0.425375790341774
-0.625577347642925
-0.783531764426987
-0.888471524612363
-0.938062668406351
-0.936539065194893
-0.889888641615034
-0.803896953526243
-0.694720633591717
-0.568961571256218
-0.43795714020421
-0.31047163138647
-0.19219958499095
-0.0811127446235304
0.0167919775614791
0.108885054322727
0.198676977066741
0.28556751733939
0.377105868799738
0.472512002414811
0.566886009770006
0.660244597371036
0.743012627828593
0.805775945795578
0.839436328842828
0.836447799228465
0.784006348230202
0.684541317699974
0.535346062813626
0.342068321411553
0.117028078115279
-0.122972019311777
-0.364248253321351
-0.579416127611273
-0.753796432942206
-0.870432487500189
-0.912662315522985
-0.876433691200552
-0.761988707039132
-0.573298476466546
-0.328821417820591
-0.050804226642859
0.235770076875922
0.498323458079112
0.704624299411928
0.834533869545579
0.863307101967412
0.787527802622977
0.61350953815427
0.354588453461407
0.0385519480861776
-0.299972175397397
-0.629177322939937
-0.913265070060509
-1.12177740695172
-1.23549290275735
-1.23651535376159
-1.121323639956
-0.892147386173216
-0.565968656218082
-0.160902286065137
0.284936089169414
0.739457469760876
1.15809163020942
1.50226691679984
1.7349095567705
1.83474769250706
1.78653123230863
1.59676769533106
1.28456284120778
0.876459061935819
0.414253500864731
-0.060060619499931
-0.507543325878483
-0.890228072510617
-1.17974302062895
-1.35879077250346
-1.41651948357887
-1.35131755941887
-1.17828916377698
-0.910047044000382
-0.578542442372817
-0.212826358546938
0.149246632527516
0.47544148109919
0.729707034817641
0.894289602886467
0.951914857795141
0.90369266604361
0.761981410319878
0.545102242519493
0.281964731289831
0.00284312660701436
-0.261730756063976
-0.487230400666897
-0.650076480987053
-0.740525693522017
-0.748988242368903
-0.680034814383678
-0.538938094679878
-0.343375085395479
-0.1098183103147
0.138912243054133
0.379634728958234
0.592275845925138
0.757972013932726
0.863439930742174
0.903144639838574
0.876214244820539
0.789310084367021
0.653953948915105
0.485100335386297
0.298064758076827
0.111751545981046
-0.0620150712469595
-0.209943655623365
-0.326391054185294
-0.406550809868043
-0.454015918287934
-0.47090744329315
-0.467602971906479
-0.45199690854224
-0.434765984889568
-0.423718090601136
-0.425032874642533
-0.44134511572289
-0.470205509697666
-0.507275076099884
-0.54325585622421
-0.566955815262129
-0.569783109446032
-0.539813072310458
-0.471027575692524
-0.360493972900906
-0.208433594634165
-0.0207543997680853
0.189877434371917
0.411122552525184
0.623945356217545
0.810396538415615
0.95187097803212
1.03526764871629
1.04804785236751
0.989009422169548
0.862255664414661
0.674828586202318
0.44800147667717
0.198351314401906
-0.0486035526113905
-0.271174302517923
-0.44889675287357
-0.567086731889127
-0.614103373945033
-0.586934697420764
-0.489760060634533
-0.33177364537225
-0.131464387404388
0.0881754375519478
0.301574274969866
0.483139764284133
0.603580139840375
0.650170147071548
0.607210111442164
0.476205559122242
0.269684665950493
0.00388804255008415
-0.292818223002716
-0.59021114785728
-0.857476710624233
-1.06991257586963
-1.20113254735208
-1.24235650880578
-1.18503775430778
-1.03140116522058
-0.794134138846891
-0.493570671150343
-0.15075657473114
0.197749973777604
0.525350512898734
0.802978400098266
1.00306427070528
1.11351440684246
1.12701298278405
1.04817214008381
0.891506875771583
0.680600956838283
0.438437015317116
0.192730923541963
-0.0277891537253641
-0.207457793703985
-0.3268889752979
-0.379118151602254
-0.36512908732948
-0.29014146135532
-0.164268801624022
-0.0115949713183541
0.152873160101789
0.303442311285942
0.417661466829746
0.48075473912808
0.481076464382173
0.411635548565936
0.281568098322084
0.101885186107335
-0.111526257160249
-0.331437216739605
-0.537090555485624
-0.708878513845087
-0.823937393627889
-0.874395973829742
-0.854296300469618
-0.763999795847487
-0.614186645368208
-0.42148134275019
-0.201645378451613
0.0196062751468379
0.219030691449756
0.381037785080449
0.486360173130117
0.527637454583595
0.506436318270852
0.427641244499032
0.301476813340189
0.153076287467532
-0.00576685831929126
-0.149794801077942
-0.262232018301222
-0.328638424506799
-0.342006934357463
-0.292987371494498
-0.190261648904991
-0.0398375541915198
0.146192957126168
0.344246699425162
0.535042890109311
0.697721710247583
0.805484390542727
0.844323627145801
0.805092745979095
0.680731222497129
0.480644219192287
0.222277201743246
-0.0792664723571489
-0.389705984432554
-0.684651998618153
-0.936547202600141
-1.12279107663528
-1.22239771225762
-1.23225920233074
-1.14205990772087
-0.962200839187268
-0.705616786992778
-0.39113029263389
-0.0455079989854421
0.300533880890944
0.618522495651593
0.881046710328197
1.06052346253916
1.1487504098939
1.13644952892439
1.02978591172364
0.842911069898777
0.599957041358668
0.320350205096047
0.0406580378246559
-0.218551799467991
-0.433887812807615
-0.584317707214723
-0.662143513066611
-0.663495200448891
-0.588319093781628
-0.449595909806915
-0.26394616670154
-0.0484496007635452
0.170791607697158
0.36854975093335
0.528763439039896
0.627107385825305
0.656986239564342
0.616055125786526
0.508356293641972
0.345076506668192
0.149226315874806
-0.0659227823478477
-0.273392427613575
-0.456501803395015
-0.600666082337571
-0.696643906998765
-0.738266611033369
-0.730589119066343
-0.679106668781179
-0.5930670629953
-0.489281961520424
-0.379340373319119
-0.274380030066894
-0.187434380037866
-0.120339789037053
-0.0744423351941861
-0.0481048566538744
-0.0326699463670674
-0.0147358514760449
0.00973383824610261
0.05341545873948
0.121387102757379
0.215329513593997
0.334466215054519
0.471926661969233
0.614831930550996
0.750298609728544
0.863359635388295
0.933183198776874
0.952326014569446
0.905477921965897
0.791948643002661
0.614525752108594
0.384034560150836
0.115509391174973
-0.167100556398473
-0.441865870143949
-0.68452529137235
-0.871788040510398
-0.98736731906714
-1.01973916073988
-0.963751742991474
-0.822431743137917
-0.609726687924765
-0.342414781552263
-0.0489031481135236
0.239521355545237
0.492976818473444
0.679084061251036
0.776787644735141
0.770419296166311
0.66124732472418
0.455722684553236
0.180799964584311
-0.138934234390473
-0.467418818045792
-0.770928286560038
-1.01861913955022
-1.18528947895335
-1.25065331859076
-1.20651401218242
-1.04923571481956
-0.785602215014678
-0.432392777984618
-0.0105914227983801
0.445288463909081
0.902785611794365
1.3205226673998
1.6627852951038
1.89718716990551
2
1.96015253683562
1.77988785455867
1.4753949551048
1.07225134599476
0.607624967270699
0.118283885671485
-0.353345690943977
-0.773020832164346
-1.10983676333007
-1.34218006923932
-1.45604025016924
-1.44837241003944
-1.3223295965631
-1.09142809949348
-0.778806827434109
-0.410075916564865
-0.0210979259617534
0.353338616071588
0.67844523657263
0.924363722163761
1.06803590080615
1.09978771503683
1.02023096029787
0.840761468982823
0.585167578577953
0.28019932358817
-0.0421642857987881
-0.350373001538416
-0.618027980395429
-0.823091237205692
-0.950806339412789
-0.993427663433058
-0.952136532122782
-0.831483798581923
-0.646303250441414
-0.412813360674445
-0.152534140568794
0.114923311971429
0.363906270528079
0.581570268186191
0.749048099084551
0.858983372957419
0.909496641312346
0.90210054227758
0.843008767807093
0.744978357384676
0.617722972076662
0.472693877583969
0.323205996990322
0.174439277026444
0.0320719245561488
-0.0979944891953844
-0.219075586586574
-0.329232881397066
-0.429475664256563
-0.521437151409302
-0.605483761542744
-0.674700810048649
-0.731229085002023
-0.763665334759312
-0.768013792919755
-0.736772042198266
-0.665264785782911
-0.547308172743279
-0.387435022514942
-0.188179240399117
0.043416646961789
0.287361989150893
0.531492707983918
0.75342419383539
0.930178374129743
1.0443484012314
1.08408038386645
1.03350257157333
0.901964305824972
0.691164705698717
0.41990578576911
0.112320779904152
-0.204818429237215
-0.505008617363089
-0.757875450960903
-0.941135010292603
-1.03817059220237
-1.03443610882354
-0.928672987347612
-0.727635723914469
-0.441275820414835
-0.0959742570717876
0.279669332926685
0.650352413184542
0.979044084634412
1.22526200480515
1.36621518571108
1.37675456494033
1.25309166880327
1.00401158880619
0.653158785877352
0.228554778760586
-0.222028066906992
-0.663328801751929
-1.05526265300994
-1.36059824585463
-1.55835212189657
-1.63122126203234
-1.56978241591652
-1.38171743893447
-1.07825416410858
-0.678691883218351
-0.217069467297649
0.271587061719713
0.750189387366341
1.17369694349991
1.50817517049969
1.7294101697744
1.81307561542363
1.76105162039887
1.58322162966267
1.29513666613719
0.931863005719862
0.528694812820666
0.11581005118081
-0.266133760802345
-0.592334325311098
-0.83991654245222
-0.994568919418976
-1.0473873239982
-1.00513527837531
-0.870633365230721
-0.662647879923649
-0.402716786847565
-0.114688546125054
0.174202305280798
0.432660800329526
0.640905987522824
0.777260033102044
0.828085185590194
0.793848920738009
0.678641620516789
0.493429813268918
0.262189867160522
0.00540061750424043
-0.254314579378235
-0.492046532983827
-0.688626457177088
-0.835497728785258
-0.915993665897374
-0.93488628448525
-0.892579606034924
-0.795283124154188
-0.655958835326331
-0.489858097955282
-0.306570082422249
-0.124765643290162
0.0448176002913473
0.196339873525656
0.319698605752392
0.415171302737381
0.485042267772173
0.53152070082573
0.557624192907948
0.57467108790835
0.579164981914066
0.57911967526422
0.574329344735011
0.561481334615505
0.538499247445622
0.50298619575081
0.446264368924634
0.367253401238996
0.265818794794077
0.137837772017434
-0.00874453769002806
-0.16613019037938
-0.327424083250654
-0.476673805347911
-0.601409963919436
-0.691308737339587
-0.733301281519035
-0.719983343081902
-0.652848457629146
-0.529622759675126
-0.362773821150444
-0.164930471533288
0.0450234969048423
0.247530457039382
0.416594211617495
0.536307962743386
0.589452659729669
0.566307193812353
0.469750111448436
0.306463681598251
0.0916356334762508
-0.150181040226613
-0.394851314947167
-0.617410542393273
-0.792052189008921
-0.900557596095538
-0.930088992964456
-0.871936359743773
-0.728277424327886
-0.508274615174623
-0.226818883237461
0.0938336950225448
0.423699817679703
0.737047351526987
1.00060509777299
1.18940096442177
1.28604070049457
1.2779233560776
1.16713680388802
0.965149215898167
0.691179374101548
0.370913906463819
0.0371743655977662
-0.283314118845929
-0.561703412536014
-0.775668822909435
-0.911881259478227
-0.960760764505592
-0.922386596335443
-0.805197237521916
-0.62265976121404
-0.393950597780815
-0.14509575627753
0.101297279992149
0.317232946170972
0.483871465339444
0.58377225614035
0.610186568452997
0.563784486198128
0.451749252477237
0.292054271159364
0.101816666807663
-0.0951971926419466
-0.278322721330507
-0.428286207830638
-0.532262620261335
-0.578248978776767
-0.566763379575549
-0.49706783710814
-0.379672120139032
-0.225251859745198
-0.0515676639063335
0.12589333258408
0.288281785730266
0.419906185751215
0.509590684637625
0.548017980842948
0.534286594429478
0.471523488458918
0.367338986894328
0.234860761374571
0.0872418509464074
-0.0582647864368787
-0.189860091682808
-0.293130298838774
-0.361127989552102
-0.388388456232791
-0.3759080491004
-0.326080355053497
-0.25059220965008
-0.156523810289525
-0.0608539120695941
0.0249089542584743
0.0884097069701876
0.120146794545129
0.114177406689436
0.0715917126310327
-0.00346011524729565
-0.102622952674673
-0.2116937477087
-0.317457600122602
-0.406455459619329
-0.463054738769886
-0.479959905800934
-0.450637486941809
-0.372031898848831
-0.250547057487365
-0.0930147882755605
0.0886380508334643
0.276998547494237
0.455276988220702
0.607918192977852
0.716658768761405
0.772638924652504
0.768566865844683
0.704769844825756
0.584670540222323
0.424716223939737
0.233969920687676
0.0357060144482743
-0.154837775901718
-0.319805892918787
-0.446555829716769
-0.522597903232402
-0.547745780321363
-0.519863025975531
-0.445513186467365
-0.337570141440519
-0.208647855953066
-0.07428260194759
0.0449552387954625
0.137784122996073
0.192158530531496
0.199029613259004
0.160949146960212
0.0838189920750217
-0.0270062662483452
-0.150269880462214
-0.275836681607459
-0.385639027379601
-0.467435374293438
-0.509394793231437
-0.511143431268663
-0.466669671401491
-0.384380805950006
-0.273571707074956
-0.143558396353515
-0.0101848064673247
0.111876113521514
0.213130874974376
0.283977942741946
0.316046241373211
0.317077606542094
0.285034188649318
0.232260253026024
0.16988403347132
0.110567036885121
0.0624023370387271
0.0415009586335371
0.0474000527817744
0.0842992266844694
0.151752562036629
0.238176930660649
0.334190713308034
0.428642066594692
0.50139928850419
0.541622430906495
0.537733135432134
0.480137091132504
0.367934732222338
0.20852060053851
0.00751316682182704
-0.215185063971112
-0.441357419050979
-0.651156721026923
-0.825474538029121
-0.94294035349561
-0.997636774995924
-0.976997821980716
-0.882265443743383
-0.721668581238519
-0.505839629967687
-0.25212572047611
0.0126095994639523
0.267538638033176
0.488178475620999
0.649783688675628
0.740366942399769
0.752100425146317
0.680864619925178
0.540466744324162
0.345579348873495
0.113566190510228
-0.125870628351306
-0.351090405035398
-0.542003706985463
-0.674824360267941
-0.739235331386418
-0.728519243407189
-0.637196747396539
-0.473972412087872
-0.250307802530491
0.0189164152631234
0.310836505237491
0.596470799478019
0.857071488533072
1.06053995088297
1.1888714717703
1.22984437007777
1.17358309353176
1.02349538719637
0.794764161362784
0.501654588400282
0.170950823064789
-0.168256789901605
-0.492093994211941
-0.773612840398189
-0.991378897983562
-1.13164742538568
-1.18639528348935
-1.15073422761708
-1.03313370239746
-0.844261084902075
-0.597288098094508
-0.319452908314154
-0.0301881528331304
0.244680968680779
0.480800403858468
0.659613312142337
0.771289982758627
0.80372613986934
0.764096656355859
0.660017113865422
0.503690038412545
0.315325567715478
0.116658119984825
-0.0781791677255134
-0.247748021490287
-0.379103794518015
-0.467644641810106
-0.503915200711683
-0.492150207756975
-0.437477622497579
-0.346603083003985
-0.230868348848543
-0.104252326415973
0.0237387869303044
0.141609236550721
0.238361830212236
0.312104782826167
0.357521216574986
0.374388209893764
0.367589821419859
0.340511681321508
0.29544127817521
0.242049985945603
0.179980215047065
0.112861872715207
0.0434343396318204
-0.030565905908235
-0.109209947589045
-0.192013979549549
-0.279921492118298
-0.371878333882034
-0.461896425751676
-0.54656674059001
-0.618277372206732
-0.666729653800311
-0.685428495729495
-0.665517176581231
-0.599925299343992
-0.487436351941501
-0.327613722251913
-0.12542191286487
0.109048986528379
0.360645057958034
0.61345300550765
0.844387094960651
1.0343011951145
1.16271867627653
1.21472521383059
1.17888983268297
1.05781158189192
0.852094846763609
0.581157576855412
0.264111583493452
-0.0732062639994619
-0.402905887764578
-0.696574188689035
-0.931824397292895
-1.08832899320053
-1.15248032935787
-1.12012570205094
-0.992424487321768
-0.778613174769883
-0.49861327187825
-0.175056574199974
0.161273046157909
0.478230470077472
0.743692629924661
0.93139458377289
1.01821256961743
0.99902353619689
0.870655398678304
0.650797347620452
0.358428504905007
0.0259148275071996
-0.316625438901576
-0.635346317417667
-0.902497515806807
-1.09419823763139
-1.19396309439392
-1.19351210588132
-1.089889961415
-0.892416823859027
-0.611428831380445
-0.270154513947537
0.107614023741899
0.491434132404543
0.85374561132194
1.16056409646482
1.39370656253644
1.52935896148697
1.56169405067532
1.48975284148825
1.3213691491134
1.07426306013335
0.771072676956726
0.436170155630298
0.0972819727795605
-0.221936124916579
-0.499425776054288
-0.72006050506616
-0.870758804994284
-0.948863920574552
-0.95277767475082
-0.889419366947093
-0.768850427765439
-0.60742603687738
-0.41891172944476
-0.226896554825229
-0.0453581123484735
0.106361307189338
0.217458893823158
0.278195406783728
0.289288695236981
0.25069120787831
0.172606336015447
0.067022574986012
-0.0539495893036458
-0.175654397921339
-0.28345844517329
-0.369979222548446
-0.425581663197833
-0.445843302756388
-0.433114012101562
-0.387100093752767
-0.313398131955167
-0.220139064063757
-0.113807588438362
-7.22438308137345e-05
0.110030491300655
0.21518473673455
0.310161234880818
0.390837008516951
0.458624737783326
0.514465344545157
0.553577765517918
0.58391910010659
0.600094306456971
0.602642371826197
0.590366116473702
0.560902712565758
0.508160809417154
0.433404745710555
0.331889612531049
0.202975994728773
0.0515401000287789
-0.119137950661328
-0.302516178372705
-0.484089829944624
-0.654482000352924
-0.800811932863644
-0.906924714184069
-0.964628227634728
-0.966578563849657
-0.903936354736983
-0.783242982100613
-0.606785482670955
-0.386191973697676
-0.137781183741801
0.116621020190111
0.36094800981122
0.566849435627299
0.719040035555097
0.803538381355984
0.809401851340298
0.738343059037714
0.600017601092823
0.405780057581202
0.17743476968401
-0.0595184204721101
-0.285605889568364
-0.475145861240869
-0.610314952719593
-0.678830084627508
-0.674068773561434
-0.591546395607496
-0.44349055994351
-0.238570448574365
0.00588123705097452
0.262435770452447
0.510643781236789
0.725311336066648
0.880100952159796
0.961977179484361
0.960881611625624
0.870562458368848
0.704254171093191
0.475080465622688
0.200722480307093
-0.0891036547322595
-0.371188088862319
-0.623828240342524
-0.823313659467307
-0.956304545997822
-1.01738797334257
-0.998736926037105
-0.909377180220005
-0.758989575652778
-0.560140860318615
-0.333736276283545
-0.101329773239606
0.120871258651793
0.311624703661053
0.456339306065833
0.550389284379076
0.587944943485388
0.571138126935045
0.51354774432443
0.421602043741269
0.311002041201157
0.198279202992342
0.093339942160688
0.00700894987483914
-0.0494600796378007
-0.0777529896320898
-0.0749001678789491
-0.0437541934668057
0.00689874058891529
0.0680812632034018
0.133250840557676
0.187448258373644
0.222903022747179
0.235044084293842
0.213762580090902
0.16119462373966
0.0812897439135638
-0.0254926314859723
-0.14585573864307
-0.270170033641769
-0.389661119806272
-0.491455046082511
-0.564920491067952
-0.6081185789211
-0.612229917462798
-0.57962106815245
-0.514427653579142
-0.421993122872787
-0.309781758593524
-0.193061052788362
-0.0774892101451139
0.0246386908353896
0.103604946627262
0.157945070398341
0.183314420922791
0.181647082202704
0.158759447888359
0.122996329597409
0.0794638119506719
0.043067295711214
0.0183703663497825
0.0135633090731709
0.0338260023282945
0.0812468607476176
0.149988945888805
0.241122401063591
0.341721758364202
0.442194332146602
0.533760084471004
0.601462863504373
0.635437867861454
0.630223136825112
0.578306155187713
0.481435317023848
0.344654694484927
0.176329242262763
-0.0132399607079161
-0.204908992099856
-0.389276812953906
-0.548805946084582
-0.672571895384391
-0.752318618608155
-0.785351526317098
-0.768093948009773
-0.710206087863629
-0.616207306820642
-0.499320722537057
-0.372187790685614
-0.24870007658857
-0.138755643915371
-0.0539961591406396
0.00164206493906555
0.0278537527857455
0.0261332547432448
0.0044994093756119
-0.0271889187247472
-0.0606435299614912
-0.0839753125089256
-0.0892974034481296
-0.0723743569073921
-0.0291710265867011
0.0376893427864989
0.123936918515756
0.221248242759509
0.321400459790836
0.411362240634454
0.483648343256728
0.527989653468585
0.539971125612122
0.516313699113856
0.461264616358595
0.376610611340093
0.275588796757684
0.164437407509145
0.0575071605053053
-0.0364943137268754
-0.107516272063569
-0.151357361892859
-0.164629522887625
-0.149837231825001
-0.113071094277419
-0.0634152704408572
-0.0115769996425986
0.0280595333992324
0.0456791319735767
0.0302249035940809
-0.0228047072601105
-0.114582951036483
-0.238608532053155
-0.387144745863017
-0.5429222602537
-0.692118237169612
-0.814821846599789
-0.897720037524108
-0.925031520561009
-0.89068970702357
-0.788795469736821
-0.622843751365791
-0.399895835676268
-0.13314941804637
0.159561734010082
0.458492459659291
0.738394365325172
0.980467655055637
1.16217071795001
1.26865301684594
1.29125328002804
1.22787021973428
1.08126117213104
0.867917823332895
0.600995159070751
0.304746210606629
0.00268800751862475
-0.283771345192095
-0.532089860072148
-0.724650681060552
-0.849763199638294
-0.899408950270888
-0.871178450097218
-0.771760164628232
-0.61013443536117
-0.400604631733487
-0.166799559207624
0.0721029600490412
0.291502110155887
0.468095174330304
0.585505952729942
0.632159680137951
0.600718122393505
0.498336213695775
0.333678524792825
0.124070194489293
-0.108959134358097
-0.342005316560827
-0.554968111395091
-0.726028621036476
-0.839692371246777
-0.887259662813168
-0.860649626237465
-0.761683222820607
-0.597794014163179
-0.377043190745341
-0.117376323412509
0.16220362826115
0.441744467303615
0.700056351827025
0.914265828863316
1.07180919847307
1.15853343061097
1.16787066951851
1.1030056827251
0.969892343085283
0.777611167523176
0.547654101155205
0.293670280522329
0.0336123196091409
-0.211056608472032
-0.430519816251853
-0.611900085909308
-0.745539911835789
-0.831097676479738
-0.86752771705509
-0.855907842512216
-0.804527083288386
-0.721343480684013
-0.610347974411897
-0.486331455664029
-0.353923251733723
-0.220203534082229
-0.0940295417835125
0.0207506121170036
0.123600781660165
0.205973810406776
0.270517261132415
0.315847606267923
0.337397937648249
0.337714907868362
0.316975922432523
0.27350936446987
0.210327306051006
0.134116156667795
0.0428194186829378
-0.0501108300887992
-0.139742469337698
-0.218603462436333
-0.27561604409345
-0.301571554904116
-0.293853120981381
-0.242195767448011
-0.147955981200134
-0.0135412502103778
0.157328136547124
0.354119138642789
0.559527049462013
0.760180327042878
0.934622908699096
1.06063506649298
1.12270611230979
1.10662636913927
0.998643460755728
0.806244494780672
0.531404033180367
0.191724916718826
-0.186843839469225
-0.576984948461358
-0.951356695952854
-1.27377347066767
-1.52294291060241
-1.6774875011101
-1.72034929634577
-1.64810630536929
-1.46454344890244
-1.17454215551656
-0.802997166051858
-0.373788354734204
0.084725892360616
0.533018753102113
0.938129101944961
1.27161999892243
1.50298263273551
1.61948333685943
1.61786872986825
1.49859237850988
1.28072104217734
0.988619325215015
0.647139934825805
0.288278940346817
-0.0547358959748156
-0.361882201408024
-0.60475868129296
-0.769752521090033
-0.847568051215116
-0.834213188025177
-0.73110928652733
-0.553151188269076
-0.310861932904533
-0.0284317829661048
0.269342690888943
0.554942006794052
0.803400315433372
0.985317994321498
1.08559469252014
1.09151976050186
0.996528779134445
0.811174293002413
0.549568911103593
0.229700971933778
-0.116836178298259
-0.465045792150628
-0.788267915172988
-1.06096192258386
-1.26312892256459
-1.38563423654995
-1.41473008606901
-1.35370788919447
-1.2067576269817
-0.982719596392207
-0.697423364256341
-0.37378943705052
-0.0281363321892032
0.310788028124889
0.621248986498165
0.885994355973512
1.08433337821042
1.20803633140285
1.25328920440064
1.22096190202601
1.11738893132192
0.959174679792523
0.756733359220247
0.529772076262201
0.295561295721023
0.0680874856847006
-0.139161464459487
-0.312937299470692
-0.449890312590792
-0.543225120136589
-0.59144400689551
-0.597879340704801
-0.564678027015489
-0.497025590215313
-0.40316038031824
-0.28966248268739
-0.164816523367233
-0.0381950713337908
0.0816769682857301
0.18847595212257
0.271278739663865
0.326478475891735
0.347923466371238
0.331871482277527
0.278244905847565
0.189172601314911
0.067342915216006
-0.078099540999448
-0.238204968005117
-0.401815935693969
-0.555976490101496
-0.68625410005145
-0.7823125953222
-0.831450532754521
-0.824941377630879
-0.758533645577119
-0.6292409476083
-0.439422225368434
-0.198308625773237
0.0850742300834651
0.391994788881665
0.703403216079716
0.996061183636282
1.24714125416128
1.43267864355377
1.53564105416261
1.54181443638963
1.44488137448606
1.24980642495502
0.966423056375658
0.614539035488093
0.220734077709779
-0.187167558837882
-0.578550647251543
-0.924399280469393
-1.20141944371698
-1.38982203434211
-1.47753573044004
-1.46064911775018
-1.34080202644281
-1.13072012008719
-0.84584285118182
-0.51244270174244
-0.157325548308627
0.188233501165874
0.496151505897594
0.738983718908009
0.900633291249483
0.969663951668236
0.945437516926579
0.838493097304455
0.663006874968015
0.441064702754956
0.198010652722559
-0.0432488426602257
-0.260730843290237
-0.433048323119432
-0.550798591310379
-0.601460535817188
-0.584620795015517
-0.501936092268177
-0.361356648304685
-0.173378222507544
0.04408771406355
0.275425887621894
0.50055541225115
0.700503875704259
0.85841708367811
0.962164909244843
0.999613664065064
0.969920844349103
0.873124841322348
0.716029091194113
0.509876358790313
0.270499308642666
0.0117102111177412
-0.246579324053002
-0.490199802968335
-0.703509123363487
-0.876061772677104
-0.99694247257142
-1.06508990797182
-1.07520631614508
-1.03161110872164
-0.939977435680435
-0.807210852192059
-0.64306337106349
-0.462234401610469
-0.272017147596389
-0.087634429951077
0.081566404314421
0.228297995671879
0.346755646694218
0.431338296682789
0.485529947174486
0.509463513156725
0.50497722650469
0.481801087561239
0.441766020119187
0.391000961409197
0.337412257399654
0.283216280395335
0.230273851099647
0.186934407321592
0.147610795654394
0.117464631887579
0.0957570656974823
0.0819404890519786
0.0734292716634145
0.0743949449769766
0.0782143805920173
0.0867027230338736
0.0990149109479238
0.110935926860866
0.120649428124812
0.128418607222038
0.126042403789618
0.113859846507242
0.0887748166620447
0.0453157689327466
-0.0160816773627005
-0.0942400792506165
-0.19187544563214
-0.301330757928678
-0.417911756660304
-0.535285851450964
-0.644642704510898
-0.732911578045022
-0.797866820406572
-0.824841154757378
-0.810960685350824
-0.753469172797507
-0.650091105964632
-0.503436643128198
-0.323723556236789
-0.116095380616731
0.105183190038412
0.324035268067552
0.528994340661552
0.7040238162067
0.835104223723273
0.915359593240527
0.940168565848864
0.903643160320308
0.817636731172814
0.686034438808023
0.520195901218252
0.338353479245224
0.152974672746215
-0.0236416360746246
-0.173817609687993
-0.292720514844254
-0.374093056351941
-0.412705613008571
